981
981
981
981
981
981
981
981
982
984
986
985
984
984
989
992
992
993
989
992
992
990
993
990
987
991
989
992
995
991
985
977
973
972
974
972
970
976
995
1017
1043
1071
1087
1092
1100
1106
1120
1142
1166
1183
1187
1179
1166
1155
1140
1121
1098
1067
1028
995
971
961
955
954
946
943
931
922
926
935
946
949
955
965
978
988
992
992
984
976
972
969
969
970
968
970
971
971
972
969
967
967
967
968
967
968
964
966
966
966
968
967
964
966
968
972
971
971
968
968
970
972
971
970
968
967
970
974
974
973
972
974
976
977
979
979
976
978
982
986
986
983
981
981
985
985
989
989
988
989
991
991
997
997
996
997
998
1002
1006
1007
1004
1005
1008
1011
1011
1007
1009
1010
1013
1017
1017
1017
1017
1018
1020
1021
1024
1025
1023
1026
1031
1034
1034
1034
1033
1032
1031
1038
1038
1038
1037
1039
1038
1040
1044
1043
1041
1040
1043
1045
1049
1049
1049
1046
1050
1054
1053
1052
1047
1046
1049
1052
1053
1051
1050
1049
1049
1052
1052
1051
1050
1052
1053
1054
1052
1049
1047
1047
1050
1048
1047
1047
1044
1042
1044
1046
1045
1042
1039
1040
1041
1046
1045
1044
1041
1042
1045
1043
1043
1040
1038
1036
1038
1042
1042
1042
1041
1039
1041
1045
1047
1045
1046
1046
1048
1050
1053
1051
1049
1049
1051
1051
1054
1053
1053
1053
1056
1057
1059
1058
1057
1059
1057
1063
1063
1061
1061
1062
1064
1069
1068
1065
1061
1060
1061
1062
1062
1062
1064
1066
1079
1091
1102
1105
1105
1103
1108
1108
1105
1095
1081
1064
1046
1026
1010
984
958
931
908
884
866
850
838
829
827
831
838
850
864
883
903
925
935
935
930
919
910
898
882
864
847
836
833
829
829
829
827
824
826
827
826
823
825
823
823
825
826
822
820
819
819
820
823
819
818
818
821
821
823
821
820
818
821
828
826
826
824
823
825
827
822
822
825
824
827
831
832
831
829
832
836
840
842
842
836
835
841
845
845
843
847
849
855
860
862
862
860
862
864
864
866
864
866
869
874
876
879
880
879
880
884
884
884
884
881
882
889
891
894
894
893
895
898
902
904
903
903
904
910
914
916
912
914
916
919
924
924
923
924
925
930
933
934
934
933
933
937
941
943
944
941
944
942
945
950
948
947
947
949
951
955
957
955
956
960
963
963
964
963
965
968
971
973
972
968
969
970
975
974
969
969
972
974
978
978
977
975
976
980
983
984
983
980
978
981
986
984
985
981
980
980
984
984
983
981
982
982
987
987
986
986
985
989
992
990
989
989
984
988
989
989
989
986
984
989
989
990
988
987
986
987
991
995
991
991
989
990
992
991
990
985
986
985
991
989
988
986
989
990
994
993
991
992
992
994
996
997
995
992
988
992
992
992
993
992
990
992
996
996
994
993
993
996
998
999
995
995
994
995
998
997
995
992
991
994
996
996
997
996
991
995
999
1000
997
996
996
997
998
997
995
994
992
994
996
997
994
994
993
995
997
999
997
998
997
999
1003
1001
998
996
994
998
999
998
998
996
997
999
1000
1002
999
993
994
998
1003
1001
998
999
1000
1000
1003
1002
998
997
993
999
999
998
998
997
998
998
1004
1003
1004
1001
1002
1002
1004
1004
1001
1000
997
998
1003
1001
1000
998
997
1002
1004
1003
1002
1000
1001
1005
1006
1006
1003
1003
999
1003
1004
1002
1000
999
996
1002
1003
1004
1003
1000
1003
1002
1005
1004
1003
1002
1001
1004
1007
1006
1002
1001
1001
1000
1004
1003
1002
1001
1003
1004
1008
1008
1005
1005
1004
1007
1008
1007
1005
1002
1000
1000
1005
1006
1001
1001
1001
1004
1003
1005
1005
1004
1003
1006
1009
1008
1004
1004
1005
1005
1005
1003
1004
1000
1001
1005
1008
1008
1005
1000
1005
1003
1008
1007
1008
1005
1006
1007
1008
1010
1006
1003
1001
1005
1005
1007
1002
1002
1002
1005
1009
1010
1007
1005
1006
1008
1011
1012
1009
1006
1005
1004
1007
1007
1006
1007
1003
1007
1008
1008
1006
1006
1004
1008
1009
1010
1009
1007
1007
1010
1011
1010
1009
1008
1007
1010
1010
1013
1010
1011
1009
1010
1013
1013
1012
1005
998
998
1001
1003
1001
999
1007
1021
1043
1069
1087
1101
1107
1117
1127
1147
1174
1197
1204
1199
1188
1174
1159
1142
1115
1084
1047
1012
992
977
974
973
966
963
951
947
956
969
975
986
992
1004
1012
1014
1018
1011
1003
994
990
991
995
993
992
986
990
992
994
994
993
990
989
994
993
995
993
990
992
991
994
993
991
988
990
990
993
993
991
991
988
992
997
997
996
991
995
999
1001
1000
999
996
999
1001
1005
1003
1002
1001
1001
1004
1008
1008
1007
1009
1009
1011
1017
1017
1012
1011
1015
1018
1021
1020
1018
1016
1016
1020
1022
1026
1021
1024
1025
1026
1032
1032
1033
1032
1037
1041
1044
1042
1041
1039
1038
1042
1041
1043
1044
1045
1047
1049
1051
1053
1052
1048
1049
1054
1059
1059
1056
1055
1054
1058
1060
1060
1059
1055
1056
1060
1063
1063
1062
1059
1061
1064
1066
1063
1062
1063
1061
1064
1064
1062
1059
1058
1057
1059
1060
1059
1057
1055
1056
1055
1057
1056
1055
1050
1057
1056
1058
1053
1051
1050
1051
1053
1051
1050
1050
1051
1051
1054
1052
1049
1050
1052
1055
1057
1058
1057
1054
1057
1057
1059
1058
1054
1057
1056
1059
1063
1065
1063
1062
1065
1066
1069
1070
1070
1068
1072
1075
1079
1078
1075
1071
1068
1072
1070
1066
1056
1054
1056
1056
1061
1059
1053
1050
1050
1052
1055
1054
1044
1031
1009
985
962
941
924
899
867
835
824
813
808
802
795
795
806
823
834
840
845
850
858
863
863
858
855
856
856
856
852
847
847
850
856
857
855
852
851
853
853
854
851
847
846
849
853
853
851
848
848
849
854
852
851
851
848
852
858
857
855
852
854
858
862
862
858
860
861
864
869
870
870
870
873
875
880
878
878
880
880
886
887
892
888
889
891
896
901
900
900
899
900
905
908
909
911
910
915
919
924
923
927
929
929
933
937
935
933
937
939
942
947
948
950
951
952
957
962
960
959
957
960
962
962
968
966
967
968
973
977
976
973
972
976
980
985
983
981
980
981
980
982
982
979
979
980
983
983
982
982
979
977
983
984
986
984
981
982
985
985
984
982
980
981
981
982
984
980
979
978
982
984
984
983
982
984
984
986
986
983
982
980
984
985
984
983
980
981
983
983
984
983
982
983
986
989
988
987
984
985
986
987
984
983
981
980
986
987
989
988
987
985
989
991
991
989
986
987
990
990
988
987
985
985
987
990
990
989
987
987
990
992
988
989
990
989
990
995
994
990
988
989
988
988
991
986
988
985
988
992
989
987
987
988
992
993
990
991
989
990
989
991
991
989
986
989
990
990
989
988
987
987
991
993
992
993
992
992
994
992
993
990
989
987
990
989
989
987
987
989
990
992
990
990
989
987
991
993
988
989
987
988
988
989
990
988
984
985
990
992
991
987
989
992
992
993
994
992
990
991
993
992
993
991
988
987
991
991
993
990
989
991
992
994
995
993
991
991
994
994
991
988
987
988
992
993
994
990
988
989
992
995
993
994
990
992
993
992
993
993
990
989
991
993
991
991
987
986
990
991
991
989
987
986
990
994
996
992
989
991
990
993
991
988
987
987
989
991
991
991
988
989
990
993
994
992
991
992
993
993
993
991
988
987
989
995
993
991
988
989
992
994
992
990
992
993
997
992
993
992
990
990
992
990
991
989
988
987
989
992
993
989
990
990
993
995
993
993
992
994
995
996
994
990
988
988
991
995
993
988
990
991
991
995
992
987
990
993
995
998
997
994
992
993
996
995
995
994
992
993
995
996
993
993
991
994
995
996
994
991
989
991
997
997
995
992
992
993
996
998
997
995
994
993
995
999
1000
998
997
998
1001
1002
999
991
985
979
976
978
976
980
991
1013
1040
1066
1084
1090
1095
1106
1132
1162
1179
1179
1168
1157
1147
1132
1107
1073
1032
1000
980
972
967
957
952
945
939
941
947
952
957
964
975
988
996
997
999
996
988
983
978
974
975
976
978
982
980
978
978
978
980
982
980
979
977
978
979
978
977
975
974
975
980
981
980
979
974
978
983
985
985
982
980
982
986
985
984
981
984
986
987
989
988
984
985
988
992
994
994
994
993
996
999
1000
998
996
995
998
1001
1003
1000
998
1000
1004
1008
1009
1010
1010
1009
1011
1016
1018
1019
1017
1015
1015
1017
1022
1022
1019
1019
1020
1025
1026
1028
1027
1025
1029
1031
1033
1036
1032
1032
1034
1037
1038
1037
1037
1034
1036
1039
1043
1042
1039
1039
1044
1046
1046
1046
1045
1044
1045
1044
1046
1047
1044
1043
1043
1044
1043
1043
1042
1039
1041
1044
1044
1040
1039
1039
1041
1042
1038
1038
1036
1035
1035
1037
1036
1034
1034
1030
1033
1032
1033
1032
1033
1032
1036
1038
1038
1035
1034
1033
1032
1035
1037
1034
1035
1034
1038
1041
1042
1042
1042
1044
1045
1049
1050
1051
1052
1050
1051
1052
1055
1058
1057
1055
1055
1053
1051
1050
1046
1046
1052
1056
1061
1066
1063
1067
1068
1069
1065
1054
1040
1024
1009
987
968
945
920
894
880
860
840
825
817
815
824
834
849
870
885
900
913
924
927
918
905
892
882
874
864
857
852
847
848
851
850
845
845
843
843
845
844
843
841
842
842
845
844
843
841
841
842
842
844
845
842
841
842
845
847
844
844
842
847
849
851
850
846
848
852
856
859
855
858
857
861
862
863
864
862
860
863
867
867
866
863
865
869
875
880
880
881
881
883
889
889
893
887
889
891
895
897
895
895
898
899
903
903
905
900
902
904
910
913
913
910
910
914
920
922
922
922
921
923
927
930
931
927
930
934
938
941
940
940
940
944
947
949
951
949
950
951
954
953
952
947
950
952
956
960
958
957
956
958
963
965
963
964
964
964
969
971
970
967
967
970
972
974
974
973
971
972
975
976
978
975
976
976
980
980
980
978
979
980
978
980
978
975
975
978
981
981
982
979
978
980
981
985
984
982
981
983
981
984
983
980
980
981
983
982
982
981
979
979
983
988
987
984
986
984
989
992
987
985
983
984
983
985
985
984
982
983
987
987
985
986
983
986
989
991
989
987
987
984
987
989
987
983
982
985
988
986
986
983
984
987
988
990
989
986
985
988
989
990
989
986
984
985
988
987
989
985
985
987
989
989
988
988
987
989
990
991
990
987
987
988
991
989
988
984
984
987
989
990
989
986
984
990
993
995
992
990
989
989
989
992
990
988
986
990
987
991
991
989
987
991
994
994
993
992
989
991
994
991
990
989
988
989
993
991
989
990
986
987
990
992
991
989
989
994
994
994
993
991
988
988
991
990
991
989
987
989
991
991
987
987
989
993
995
992
990
992
990
990
993
993
992
991
987
988
991
990
987
989
989
989
990
991
990
990
989
994
994
994
991
989
985
991
991
993
991
987
989
991
993
993
992
992
989
992
994
995
995
993
993
993
994
995
990
989
987
989
992
994
990
989
990
992
994
995
994
991
991
991
995
996
993
990
989
993
993
993
992
992
991
992
995
994
993
988
991
994
996
995
995
994
991
990
995
996
995
990
992
993
994
996
990
988
989
990
994
995
990
989
990
995
997
997
996
994
991
990
991
994
991
990
989
991
994
995
993
991
990
993
996
997
994
994
993
996
997
997
994
991
989
991
995
994
990
990
992
996
998
1001
1000
999
997
1001
1005
1004
999
997
998
997
996
995
987
979
978
977
980
985
991
1008
1031
1056
1076
1088
1096
1100
1115
1144
1168
1178
1171
1156
1144
1133
1118
1094
1055
1015
987
975
972
966
963
952
943
941
947
954
960
962
970
981
995
1000
1000
995
986
983
980
979
977
976
979
979
982
983
983
980
981
982
982
981
979
975
977
980
981
980
980
979
980
983
982
986
984
982
984
985
989
986
985
983
983
986
989
991
989
987
986
991
994
995
994
994
993
995
999
999
997
995
998
995
1001
1002
1000
997
1000
1002
1005
1005
1005
1003
1004
1009
1012
1013
1009
1010
1014
1015
1018
1016
1016
1012
1014
1017
1021
1020
1019
1021
1017
1023
1026
1028
1023
1026
1024
1027
1032
1033
1033
1032
1034
1035
1037
1035
1036
1034
1032
1036
1039
1039
1039
1039
1037
1042
1044
1044
1046
1041
1041
1045
1048
1049
1046
1043
1044
1043
1044
1044
1043
1041
1040
1042
1041
1042
1040
1040
1040
1038
1045
1044
1042
1038
1039
1039
1041
1042
1038
1033
1031
1035
1038
1038
1034
1030
1031
1033
1036
1036
1036
1030
1034
1036
1039
1039
1038
1036
1037
1037
1037
1040
1037
1037
1037
1038
1037
1041
1040
1038
1040
1042
1045
1046
1046
1043
1045
1050
1050
1053
1053
1050
1050
1055
1055
1061
1060
1058
1059
1061
1064
1061
1057
1053
1055
1057
1062
1062
1059
1057
1058
1059
1061
1057
1051
1048
1040
1034
1025
1014
999
975
952
927
911
901
882
850
822
806
803
804
805
800
802
812
829
846
858
866
874
883
882
880
875
869
866
861
863
860
854
849
845
846
845
848
845
845
843
844
847
846
842
842
842
844
848
846
844
842
842
843
846
845
847
844
845
847
851
851
851
850
850
852
854
856
856
856
855
859
862
866
866
863
863
866
870
871
871
870
870
873
879
880
881
877
879
883
885
890
893
893
893
896
897
899
900
897
897
901
904
907
908
907
907
914
917
917
919
919
921
923
928
930
930
930
931
934
938
941
940
942
943
947
954
958
957
954
956
958
964
963
965
967
969
973
973
975
972
969
969
971
973
973
974
975
973
975
982
979
976
975
975
977
977
978
980
976
974
974
977
978
976
976
976
978
980
980
980
978
978
976
983
985
981
979
979
981
983
982
978
977
976
982
982
984
979
979
979
982
985
987
985
982
982
983
985
985
984
982
981
982
981
986
984
983
981
983
985
985
983
984
984
985
986
988
985
986
983
982
985
986
985
982
982
986
986
988
986
984
985
986
991
993
989
985
983
987
986
986
986
982
982
986
987
989
986
984
984
985
989
990
988
988
986
989
990
991
986
987
985
987
990
991
989
986
984
986
990
991
989
990
988
988
993
992
990
986
988
989
990
992
989
989
984
988
992
989
989
986
986
989
993
994
990
989
986
989
988
989
987
985
984
985
989
986
986
983
984
988
990
989
989
987
983
986
990
991
989
987
984
988
989
989
987
985
986
987
988
987
986
985
985
986
990
989
990
987
984
990
990
992
985
987
986
987
989
990
987
988
987
988
990
993
990
988
988
991
989
991
991
988
987
986
989
989
987
988
986
989
988
988
990
987
988
990
993
993
991
991
990
991
993
993
989
986
987
989
990
990
989
988
989
990
992
991
990
989
990
992
993
991
988
986
986
987
988
990
990
985
986
990
990
991
988
985
988
990
993
992
990
990
988
992
992
989
989
986
986
986
989
989
987
987
988
990
991
991
990
990
991
991
993
995
992
985
986
989
992
991
990
989
989
990
993
991
990
991
988
992
995
995
992
991
987
988
989
991
993
987
987
989
993
992
987
985
987
991
993
994
992
987
990
993
993
990
989
988
988
990
992
992
991
989
984
992
993
994
993
992
994
998
999
1000
998
997
996
998
1003
1003
998
991
985
984
988
992
990
997
1013
1039
1064
1084
1092
1094
1099
1116
1142
1167
1174
1169
1156
1146
1137
1120
1090
1053
1014
989
980
976
971
963
957
951
948
948
950
956
962
972
985
993
997
993
987
984
979
977
975
973
975
977
979
979
975
972
972
974
975
977
974
971
971
972
977
976
973
975
975
979
981
980
979
977
974
974
977
980
978
975
976
979
983
981
979
980
981
984
985
988
988
987
988
989
992
992
990
987
989
992
995
995
993
993
992
997
1001
1001
998
998
997
1000
1006
1007
1003
1005
1004
1010
1012
1010
1010
1007
1007
1013
1017
1016
1015
1014
1016
1018
1022
1022
1024
1022
1020
1023
1028
1028
1025
1025
1024
1026
1031
1032
1031
1031
1030
1034
1035
1037
1036
1034
1037
1039
1044
1039
1041
1041
1040
1042
1044
1043
1040
1039
1038
1042
1045
1043
1039
1040
1038
1042
1046
1044
1042
1040
1039
1040
1042
1039
1036
1034
1034
1035
1036
1038
1036
1034
1035
1036
1036
1039
1036
1036
1035
1036
1042
1042
1038
1031
1035
1038
1041
1042
1039
1036
1039
1041
1045
1045
1044
1042
1044
1045
1050
1050
1050
1048
1048
1053
1055
1056
1053
1054
1055
1058
1062
1063
1063
1061
1062
1068
1069
1073
1067
1065
1064
1062
1061
1059
1054
1053
1051
1055
1056
1054
1050
1041
1034
1028
1025
1016
1008
1001
994
982
962
937
913
899
889
872
848
829
818
814
816
819
825
836
850
865
874
878
880
880
879
875
871
865
863
858
853
852
851
850
853
854
851
849
850
851
853
853
851
851
849
852
854
854
849
846
847
849
854
855
848
849
852
854
856
860
858
858
860
863
864
864
865
863
862
863
867
870
868
866
869
873
879
881
877
878
881
884
888
891
892
890
891
895
900
900
901
900
903
904
910
909
911
911
913
916
920
922
924
924
927
929
933
933
934
932
932
937
941
942
943
944
946
950
954
956
956
958
960
965
970
972
969
968
970
972
975
979
979
979
981
983
988
987
985
984
987
989
994
992
993
991
991
994
996
998
994
992
989
991
995
994
991
990
994
995
1001
1001
996
994
996
997
998
997
992
992
993
998
997
996
996
995
994
997
1000
999
997
997
998
1000
1002
1002
1000
996
995
996
997
1000
996
993
995
995
1003
1001
998
997
998
1002
1003
1002
1000
998
999
998
1000
998
999
996
998
996
1001
1002
999
995
998
1001
1004
1004
1002
1001
1000
1002
1004
1000
1000
998
999
1002
1004
1005
1002
997
998
1001
1002
1004
1002
1002
1003
1004
1008
1007
1003
1000
997
1003
1004
1001
1004
999
1000
1003
1005
1005
1003
1002
1004
1006
1009
1008
1005
1003
1003
1005
1007
1005
1004
1000
1001
1005
1005
1003
1002
999
1001
1005
1009
1009
1004
1005
1005
1007
1009
1006
1003
1002
1002
1005
1007
1006
1003
1001
1002
1007
1004
1005
1007
1005
1006
1009
1010
1009
1005
1004
1005
1005
1006
1006
1004
1002
1003
1004
1008
1006
1007
1004
1005
1008
1009
1008
1007
1004
1006
1006
1008
1007
1004
1003
1002
1005
1006
1005
1002
1001
1000
1002
1006
1008
1005
1003
1003
1005
1006
1004
1003
1000
999
1004
1005
1000
1002
1000
1001
1002
1005
1004
1002
1002
1002
1005
1007
1005
1003
1002
1000
1002
1006
1006
1002
1001
1003
1001
1005
1004
1001
1001
1002
1006
1006
1006
1003
1002
1001
1005
1004
1004
1002
1002
1001
1001
1003
1005
1003
1003
1003
1005
1007
1007
1004
1002
1003
1003
1004
1005
999
998
1000
999
1002
1003
1001
999
1001
1001
1005
1005
1003
999
1002
1002
1004
1002
1000
999
997
1000
1006
1003
1001
999
1000
1004
1004
1004
1002
1001
1001
1005
1006
1003
999
998
999
1005
1004
1003
1000
1000
1002
1004
1003
1001
1002
1002
1003
1007
1008
1005
1002
1001
1003
1003
1004
1003
1002
999
1001
1004
1005
1004
1002
998
1002
1004
1008
1006
1004
1002
1001
1004
1005
1004
1004
1001
1000
1002
1006
1004
1001
1000
1003
1005
1005
999
994
992
994
996
1003
1014
1034
1058
1081
1097
1102
1109
1128
1156
1177
1181
1174
1156
1141
1116
1084
1042
1008
993
984
979
970
962
966
978
984
993
1005
1013
1015
1009
998
989
985
985
988
990
986
986
985
989
991
989
989
987
990
990
992
991
988
989
989
987
992
990
990
988
988
990
992
992
990
988
991
994
995
995
994
992
991
994
995
995
995
994
994
1000
1000
1000
998
997
1000
1004
1007
1007
1006
1006
1008
1007
1012
1010
1006
1006
1008
1012
1014
1015
1013
1013
1014
1019
1019
1020
1023
1019
1020
1025
1028
1028
1023
1021
1025
1027
1030
1029
1027
1026
1029
1032
1033
1036
1036
1033
1036
1037
1040
1040
1038
1036
1037
1040
1041
1043
1039
1038
1042
1041
1045
1044
1042
1043
1043
1044
1048
1047
1044
1045
1044
1045
1047
1045
1042
1041
1042
1045
1045
1046
1042
1040
1041
1043
1044
1046
1044
1042
1041
1041
1044
1041
1039
1038
1038
1042
1042
1040
1037
1039
1040
1043
1045
1045
1044
1044
1046
1048
1049
1047
1046
1046
1045
1048
1051
1052
1051
1048
1050
1055
1057
1057
1058
1057
1058
1065
1065
1064
1062
1063
1068
1072
1072
1071
1073
1071
1072
1068
1066
1061
1056
1055
1056
1052
1055
1051
1047
1045
1044
1043
1037
1031
1027
1024
1020
1017
1003
979
960
947
933
915
893
870
851
839
828
825
822
826
826
834
848
861
870
873
877
877
877
876
877
872
867
863
862
864
863
861
858
860
863
865
863
862
859
858
857
858
862
861
860
858
861
862
862
862
860
856
860
864
864
865
864
860
861
865
869
868
866
865
868
874
873
876
875
875
880
882
885
886
887
883
887
887
890
890
887
891
892
896
896
899
901
900
901
903
908
909
908
907
912
916
921
923
917
919
919
922
925
927
926
927
930
931
937
937
939
937
941
944
948
949
950
949
953
958
959
959
958
959
963
965
970
968
967
969
972
975
976
977
976
978
980
988
987
992
993
993
994
997
997
995
992
991
994
997
999
998
999
997
998
1000
1004
1001
1000
998
1000
1001
1002
999
996
996
997
999
999
1002
998
998
996
999
1001
999
998
999
999
1003
1003
1003
1002
998
998
1002
1003
1001
999
998
998
1002
1002
1001
999
998
1000
1000
1002
1002
1001
1001
1002
1003
1003
1003
1001
1000
1000
1001
1002
1001
998
997
1002
1001
1002
999
1000
1000
1001
1003
1005
1002
1004
1004
1004
1007
1005
1006
1003
1000
1001
1005
1002
1004
1004
1001
1002
1004
1005
1004
1006
1004
1006
1006
1010
1009
1006
1003
1006
1006
1007
1006
1002
1003
1004
1005
1005
1009
1006
1005
1005
1006
1009
1008
1008
1007
1007
1009
1010
1009
1007
1005
1005
1008
1008
1007
1007
1005
1005
1007
1009
1008
1006
1006
1005
1009
1010
1009
1007
1007
1007
1010
1010
1006
1004
1005
1008
1009
1007
1006
1006
1006
1007
1010
1010
1009
1006
1006
1009
1011
1011
1010
1006
1004
1008
1009
1010
1008
1005
1005
1006
1005
1007
1008
1006
1003
1006
1008
1009
1008
1009
1007
1007
1010
1010
1010
1008
1005
1006
1007
1008
1008
1004
1003
1007
1008
1009
1008
1001
1004
1007
1010
1011
1010
1007
1007
1008
1011
1010
1010
1005
1006
1008
1008
1010
1008
1005
1006
1006
1008
1008
1008
1007
1005
1003
1011
1012
1010
1007
1007
1009
1009
1011
1005
1005
1004
1005
1010
1010
1007
1008
1005
1006
1011
1011
1010
1009
1006
1009
1011
1010
1009
1005
1003
1006
1007
1008
1007
1005
1005
1007
1007
1008
1004
1005
1005
1006
1008
1009
1010
1005
1004
1006
1008
1007
1006
1006
1005
1006
1008
1005
1007
1005
1005
1006
1009
1011
1009
1006
1007
1009
1010
1010
1010
1007
1006
1004
1008
1008
1006
1002
1005
1007
1009
1012
1011
1008
1008
1009
1012
1014
1012
1006
1007
1008
1010
1011
1009
1007
1007
1008
1010
1012
1008
1006
1007
1009
1009
1011
1011
1012
1007
1010
1012
1011
1008
1007
1006
1009
1009
1010
1008
1004
1005
1008
1010
1009
1008
1009
1009
1011
1010
1012
1011
1009
1007
1007
1012
1010
1007
1008
1007
1008
1011
1011
1012
1008
1006
1009
1012
1013
1013
1010
1010
1012
1017
1015
1013
1009
1006
1010
1014
1013
1013
1009
1010
1009
1005
1004
1002
1001
1004
1009
1022
1038
1056
1075
1090
1103
1109
1113
1132
1158
1178
1188
1185
1173
1160
1146
1134
1117
1093
1059
1028
1012
1003
997
994
990
984
974
969
974
983
992
997
1002
1009
1018
1024
1023
1014
1009
1002
1002
1000
999
998
998
990
994
998
996
997
992
994
995
996
997
996
994
993
995
996
997
998
995
997
998
999
999
999
994
993
997
997
999
998
995
994
999
1001
1003
1003
997
998
1003
1005
1006
1006
1005
1005
1004
1008
1007
1008
1007
1005
1009
1012
1010
1011
1009
1011
1012
1019
1017
1018
1016
1019
1021
1021
1021
1021
1021
1022
1023
1026
1027
1028
1025
1024
1028
1028
1033
1032
1034
1033
1035
1038
1037
1037
1035
1035
1037
1038
1040
1036
1041
1037
1042
1044
1045
1045
1041
1043
1046
1049
1051
1051
1051
1050
1051
1051
1050
1048
1048
1047
1051
1053
1053
1051
1051
1050
1050
1052
1054
1052
1048
1051
1052
1055
1052
1052
1050
1049
1048
1049
1050
1048
1044
1041
1043
1043
1047
1044
1044
1045
1046
1050
1051
1049
1046
1042
1044
1048
1048
1045
1045
1045
1046
1048
1048
1048
1043
1045
1049
1054
1053
1052
1053
1051
1057
1058
1061
1060
1061
1060
1062
1063
1059
1061
1062
1064
1064
1067
1067
1068
1067
1067
1072
1074
1076
1077
1075
1074
1073
1072
1069
1064
1058
1057
1055
1054
1052
1050
1045
1044
1040
1036
1034
1032
1028
1029
1028
1021
1004
982
967
949
935
923
900
878
858
842
832
830
829
834
839
845
860
872
882
884
884
884
886
882
879
871
864
862
863
862
860
859
856
856
858
862
863
861
860
860
861
858
859
858
856
854
856
860
860
860
859
859
861
863
864
864
863
865
865
868
870
867
865
864
868
869
872
872
872
870
876
879
880
881
881
880
886
890
890
891
890
889
893
896
899
901
897
899
903
907
908
910
908
910
913
916
919
920
920
921
925
929
931
931
927
928
933
937
938
939
940
940
944
951
951
954
954
954
958
962
965
965
963
966
968
970
970
967
967
971
973
978
980
983
984
987
988
993
994
992
989
987
988
992
993
994
992
989
995
997
997
995
993
992
994
997
999
997
997
994
997
999
998
995
992
991
995
996
998
995
994
995
997
1000
1001
1001
998
999
1001
1001
1001
997
992
993
992
996
999
996
995
994
998
999
1000
997
997
997
1000
1001
1004
999
999
997
1001
1002
1000
1001
995
996
1001
1003
1001
1000
999
999
1001
1002
1001
1000
1003
1000
1001
1004
1004
1000
999
998
1000
999
1005
1004
1002
1000
1003
1006
1006
1004
1004
1002
1006
1008
1007
1005
1002
1002
1004
1006
1006
1003
1005
1003
1004
1005
1007
1004
1005
1002
1006
1008
1009
1004
1004
1000
1004
1008
1007
1005
1003
1001
1004
1008
1008
1007
1005
1005
1006
1009
1008
1003
1006
1006
1009
1013
1013
1010
1009
1006
1008
1010
1007
1009
1005
1004
1005
1007
1010
1007
1006
1003
1006
1009
1011
1009
1008
1008
1008
1011
1009
1008
1005
1007
1008
1009
1010
1006
1008
1007
1008
1012
1010
1008
1007
1008
1008
1013
1013
1010
1008
1004
1008
1010
1009
1006
1005
1002
1005
1010
1011
1007
1006
1004
1009
1011
1011
1009
1009
1008
1007
1010
1010
1007
1004
1005
1006
1008
1008
1007
1006
1003
1006
1007
1009
1006
1006
1004
1007
1012
1011
1006
1007
1004
1007
1012
1010
1008
1006
1005
1009
1010
1010
1010
1007
1009
1010
1010
1013
1009
1009
1004
1007
1010
1008
1006
1006
1007
1007
1010
1009
1004
1007
1006
1009
1010
1011
1012
1011
1008
1012
1012
1010
1008
1007
1002
1008
1011
1008
1006
1008
1005
1006
1011
1011
1011
1010
1009
1012
1013
1012
1009
1009
1006
1009
1011
1012
1009
1007
1006
1009
1012
1011
1008
1010
1010
1012
1016
1014
1011
1010
1009
1011
1011
1012
1012
1006
1008
1010
1013
1014
1011
1011
1010
1011
1015
1015
1014
1014
1013
1014
1016
1013
1013
1009
1009
1010
1009
1010
1009
1009
1009
1010
1013
1013
1012
1007
1009
1012
1014
1014
1011
1009
1008
1007
1011
1012
1008
1006
1006
1011
1014
1012
1011
1011
1009
1011
1013
1015
1014
1013
1008
1010
1016
1013
1010
1008
1002
1001
1005
1007
1006
1006
1014
1037
1060
1081
1094
1101
1106
1119
1143
1173
1185
1184
1175
1165
1156
1143
1121
1094
1059
1029
1012
1004
996
992
986
981
977
974
977
981
985
996
1006
1015
1020
1019
1015
1011
1005
1002
998
993
992
1000
1002
1004
1000
998
995
998
1001
999
995
995
996
997
999
999
997
992
992
997
998
1000
999
999
995
999
1001
1000
1000
996
995
997
1000
1002
1002
998
996
1001
1005
1006
1004
1002
1002
1006
1009
1009
1006
1008
1007
1008
1011
1013
1012
1009
1009
1011
1016
1018
1013
1016
1015
1016
1021
1021
1022
1020
1020
1021
1025
1028
1024
1023
1022
1026
1029
1030
1028
1027
1030
1034
1036
1037
1034
1035
1036
1039
1044
1041
1042
1040
1039
1041
1044
1043
1043
1043
1041
1044
1047
1048
1043
1041
1044
1048
1052
1051
1051
1047
1045
1051
1049
1050
1048
1044
1046
1048
1049
1048
1046
1043
1044
1048
1048
1049
1048
1046
1046
1046
1049
1047
1044
1041
1039
1043
1047
1044
1043
1043
1042
1046
1048
1047
1046
1045
1045
1047
1049
1050
1048
1044
1044
1049
1050
1051
1051
1052
1051
1056
1058
1058
1059
1057
1057
1061
1064
1063
1065
1062
1064
1068
1070
1069
1067
1068
1068
1072
1076
1075
1076
1073
1069
1069
1068
1065
1061
1053
1052
1050
1052
1049
1040
1035
1031
1036
1039
1036
1032
1022
1006
990
977
961
945
923
899
881
867
855
849
851
853
858
866
875
884
890
896
901
902
896
889
883
875
874
872
869
864
857
858
859
860
860
859
858
858
859
863
861
859
859
858
862
865
866
861
861
861
862
864
865
864
862
864
866
869
869
869
869
869
873
878
880
878
873
872
879
881
882
882
881
879
886
888
891
892
888
890
894
897
898
898
899
899
904
909
910
904
907
908
911
915
916
917
916
921
921
928
927
926
928
932
935
941
941
938
939
940
944
948
948
949
949
949
954
959
962
961
960
961
964
968
969
966
966
971
976
981
980
980
981
981
985
987
989
986
983
983
987
992
992
995
992
991
995
997
998
993
989
990
992
995
994
993
991
993
995
999
996
994
992
994
996
1001
1002
999
998
999
1000
1000
999
999
996
998
1000
1001
1001
998
998
998
1000
1001
1006
1002
1003
1002
1006
1007
1007
1003
1001
999
1002
1006
1004
1000
997
1000
1002
1004
1002
1003
1001
1002
1004
1007
1007
1004
1000
1000
1004
1008
1003
1002
1000
1002
1004
1006
1005
1003
1003
1003
1005
1009
1008
1007
1006
1006
1007
1007
1007
1007
1005
1003
1005
1011
1008
1007
1006
1003
1006
1008
1009
1008
1005
1008
1010
1013
1010
1009
1007
1004
1004
1009
1007
1007
1004
1004
1008
1010
1009
1008
1005
1005
1008
1011
1010
1008
1006
1006
1009
1011
1009
1006
1006
1007
1009
1010
1010
1008
1006
1008
1009
1012
1011
1010
1008
1009
1009
1012
1010
1008
1006
1006
1010
1012
1012
1010
1008
1007
1009
1013
1013
1010
1005
1007
1010
1012
1010
1006
1006
1006
1008
1012
1010
1007
1003
1004
1006
1008
1009
1009
1006
1008
1010
1013
1009
1009
1006
1007
1007
1009
1007
1005
1004
1003
1009
1010
1009
1006
1005
1007
1008
1014
1010
1009
1005
1006
1007
1010
1009
1009
1006
1009
1009
1010
1011
1010
1005
1009
1010
1014
1013
1010
1009
1010
1013
1016
1012
1011
1004
1006
1010
1011
1011
1009
1005
1006
1007
1008
1010
1010
1008
1006
1011
1013
1011
1008
1003
1004
1008
1010
1009
1006
1005
1005
1007
1010
1011
1010
1008
1009
1011
1012
1013
1009
1008
1008
1009
1012
1010
1010
1008
1008
1010
1010
1011
1010
1009
1011
1012
1013
1015
1010
1007
1007
1010
1012
1010
1009
1006
1005
1008
1010
1013
1009
1008
1009
1013
1015
1015
1011
1011
1009
1013
1012
1007
1008
1007
1008
1012
1014
1009
1010
1009
1009
1010
1011
1012
1010
1009
1010
1012
1013
1013
1010
1008
1009
1011
1011
1011
1010
1007
1008
1012
1011
1012
1009
1009
1011
1014
1013
1014
1009
1009
1010
1012
1011
1010
1010
1008
1007
1011
1013
1015
1014
1013
1015
1016
1021
1017
1013
1010
1004
1002
1001
1002
1000
1000
1012
1029
1050
1072
1087
1095
1103
1111
1122
1142
1165
1183
1187
1182
1175
1163
1151
1131
1109
1076
1041
1011
995
988
986
986
984
976
969
971
978
984
995
999
1010
1016
1020
1019
1014
1005
999
992
993
994
997
997
993
994
996
999
996
996
995
996
997
1000
1002
1001
998
992
996
998
1000
997
998
996
996
999
999
1000
997
998
1001
1003
1005
1004
1000
1001
1002
1005
1005
1004
1001
1003
1004
1007
1005
1007
1005
1006
1007
1011
1013
1014
1012
1013
1012
1018
1017
1018
1018
1015
1017
1018
1022
1022
1020
1020
1022
1025
1026
1029
1027
1028
1027
1029
1032
1031
1029
1027
1032
1031
1035
1037
1033
1035
1035
1037
1038
1042
1041
1039
1041
1044
1048
1045
1044
1044
1046
1048
1049
1046
1044
1045
1043
1045
1050
1051
1048
1049
1050
1050
1051
1052
1051
1053
1052
1054
1057
1055
1051
1049
1050
1051
1052
1052
1048
1047
1048
1049
1051
1050
1049
1047
1047
1047
1049
1049
1046
1044
1046
1046
1045
1045
1044
1043
1044
1044
1049
1048
1045
1044
1045
1048
1052
1052
1049
1049
1051
1050
1052
1050
1048
1050
1051
1053
1055
1058
1056
1056
1058
1061
1065
1064
1064
1063
1065
1068
1071
1071
1068
1065
1067
1072
1074
1076
1074
1076
1075
1079
1079
1076
1072
1066
1066
1063
1062
1062
1064
1066
1065
1061
1057
1051
1054
1052
1049
1044
1038
1024
1006
989
975
959
946
923
896
878
866
865
861
858
856
855
859
867
878
888
895
901
905
905
901
894
884
880
873
870
865
861
856
857
858
860
862
860
856
854
855
857
858
857
854
853
855
857
860
858
856
855
856
861
861
859
858
859
861
863
863
863
860
860
863
865
868
868
865
867
870
870
873
872
869
872
877
881
882
882
879
879
882
886
886
890
888
892
895
901
903
905
901
902
907
912
915
914
914
911
917
918
921
922
923
921
922
922
923
924
926
926
931
935
937
941
939
940
939
944
944
943
942
944
947
949
950
950
948
947
953
958
961
962
961
962
964
964
968
969
970
969
970
975
978
978
975
975
975
977
980
981
981
979
983
987
988
990
986
984
988
990
991
993
993
990
993
994
997
995
995
994
996
999
998
999
999
995
999
1002
1006
1003
1001
1000
1003
1003
1004
1002
1004
1001
1001
1005
1004
1003
1002
1004
1005
1006
1009
1008
1005
1005
1007
1009
1010
1010
1007
1007
1004
1005
1006
1008
1004
1004
1006
1008
1009
1009
1009
1007
1006
1008
1010
1012
1008
1006
1008
1010
1011
1010
1010
1006
1007
1008
1009
1008
1007
1007
1008
1011
1012
1011
1011
1009
1012
1013
1013
1013
1012
1008
1011
1012
1012
1008
1009
1007
1010
1011
1011
1010
1009
1010
1012
1013
1013
1014
1010
1009
1010
1013
1012
1012
1010
1008
1007
1012
1012
1010
1009
1007
1009
1013
1014
1013
1012
1009
1011
1012
1013
1012
1012
1011
1011
1013
1013
1009
1010
1009
1007
1011
1013
1014
1013
1011
1014
1016
1016
1016
1014
1012
1014
1015
1017
1015
1014
1012
1010
1013
1013
1010
1012
1010
1011
1015
1017
1014
1013
1013
1010
1013
1015
1013
1013
1009
1013
1012
1013
1011
1010
1008
1009
1012
1014
1013
1011
1008
1011
1014
1015
1014
1011
1009
1013
1016
1016
1015
1012
1008
1013
1011
1013
1011
1011
1011
1011
1012
1016
1015
1014
1013
1013
1017
1018
1015
1012
1009
1014
1015
1016
1013
1011
1011
1013
1016
1017
1016
1015
1012
1014
1017
1018
1017
1015
1015
1015
1019
1018
1017
1013
1011
1012
1016
1017
1016
1012
1011
1016
1018
1019
1017
1016
1012
1015
1018
1017
1017
1015
1016
1016
1016
1019
1013
1014
1013
1014
1016
1017
1016
1013
1014
1016
1020
1020
1016
1017
1014
1016
1019
1020
1017
1013
1014
1015
1015
1017
1016
1015
1012
1017
1020
1020
1020
1017
1016
1020
1019
1021
1017
1019
1016
1018
1019
1018
1019
1015
1015
1015
1017
1019
1018
1019
1018
1019
1021
1023
1019
1016
1015
1016
1017
1020
1018
1015
1013
1013
1017
1019
1019
1018
1014
1016
1016
1021
1020
1017
1015
1018
1020
1022
1021
1018
1016
1019
1018
1021
1019
1013
1013
1011
1018
1017
1016
1019
1019
1022
1025
1025
1025
1023
1023
1023
1023
1024
1018
1013
1008
1007
1010
1010
1009
1009
1018
1035
1055
1073
1089
1102
1106
1111
1124
1146
1170
1189
1190
1184
1177
1165
1152
1134
1112
1084
1050
1021
1004
992
992
992
991
983
975
971
976
986
992
998
1008
1016
1018
1024
1023
1020
1009
1005
1001
1004
1005
1008
1007
1005
1004
1005
1006
1009
1006
1006
1002
1005
1007
1007
1005
1003
1002
1004
1009
1008
1008
1005
1005
1006
1009
1009
1007
1007
1005
1008
1010
1012
1009
1008
1007
1006
1008
1010
1012
1008
1008
1013
1016
1016
1017
1016
1016
1018
1020
1020
1020
1019
1019
1021
1024
1026
1022
1020
1022
1021
1027
1028
1028
1029
1028
1032
1035
1035
1037
1033
1034
1037
1040
1040
1037
1036
1034
1038
1039
1037
1040
1039
1037
1042
1045
1048
1048
1045
1045
1048
1048
1052
1051
1049
1050
1052
1054
1052
1051
1051
1050
1054
1057
1057
1055
1054
1059
1059
1060
1060
1061
1058
1058
1060
1063
1063
1062
1059
1057
1058
1059
1061
1058
1060
1058
1058
1063
1064
1062
1058
1055
1060
1059
1062
1060
1055
1053
1055
1058
1057
1055
1054
1051
1053
1055
1058
1058
1057
1054
1054
1056
1055
1053
1052
1055
1056
1059
1060
1059
1055
1055
1057
1060
1062
1060
1059
1059
1064
1067
1068
1068
1063
1064
1070
1072
1074
1071
1072
1072
1074
1075
1076
1075
1074
1078
1079
1085
1088
1084
1081
1084
1080
1078
1074
1074
1069
1067
1076
1082
1084
1080
1079
1074
1076
1078
1074
1069
1059
1050
1037
1025
1006
982
962
942
923
908
890
876
864
853
847
849
856
858
864
876
892
905
916
921
924
925
926
924
924
919
909
900
895
893
892
886
879
880
882
883
885
885
882
882
882
883
882
882
880
879
881
887
886
885
881
883
885
885
886
884
883
883
884
890
892
891
888
889
892
896
896
897
895
896
898
901
902
903
900
900
900
906
908
910
909
907
912
918
916
915
916
919
922
925
928
927
928
926
929
933
933
932
929
932
935
939
941
943
945
948
953
957
957
957
957
957
960
965
967
963
965
965
967
972
977
978
977
977
979
980
983
982
980
981
987
988
991
990
988
990
992
994
995
995
995
994
999
1003
1003
1004
999
1000
1000
1006
1008
1005
1004
1004
1005
1010
1008
1006
1004
1002
1005
1010
1010
1010
1009
1009
1013
1016
1015
1014
1013
1013
1015
1018
1019
1017
1014
1011
1014
1016
1016
1016
1014
1014
1016
1020
1021
1020
1018
1015
1019
1021
1018
1016
1018
1017
1020
1020
1020
1018
1013
1014
1020
1023
1023
1020
1018
1019
1021
1025
1024
1021
1017
1019
1022
1022
1022
1022
1018
1019
1023
1026
1027
1024
1022
1023
1027
1027
1027
1027
1024
1023
1027
1028
1025
1024
1023
1024
1024
1024
1026
1024
1025
1022
1028
1030
1030
1030
1024
1027
1030
1031
1031
1027
1025
1024
1027
1027
1025
1027
1025
1026
1027
1028
1027
1028
1027
1025
1028
1032
1031
1030
1027
1026
1029
1029
1029
1027
1026
1025
1027
1029
1030
1029
1028
1027
1029
1034
1030
1029
1026
1024
1027
1030
1031
1029
1025
1026
1028
1028
1029
1027
1027
1028
1030
1034
1031
1031
1028
1028
1028
1032
1032
1030
1024
1024
1028
1029
1028
1027
1023
1020
1023
1029
1030
1028
1028
1027
1031
1033
1031
1030
1027
1029
1030
1031
1031
1027
1026
1026
1026
1029
1030
1028
1026
1026
1028
1031
1031
1028
1027
1026
1029
1029
1027
1027
1024
1025
1027
1030
1028
1025
1025
1023
1027
1032
1034
1031
1030
1032
1030
1034
1034
1030
1028
1027
1027
1030
1029
1030
1026
1028
1030
1033
1033
1030
1029
1028
1029
1032
1034
1032
1029
1030
1033
1033
1031
1028
1026
1026
1027
1033
1033
1029
1029
1030
1032
1034
1031
1028
1031
1029
1029
1034
1032
1030
1028
1029
1029
1031
1031
1029
1026
1028
1032
1035
1034
1033
1031
1031
1034
1034
1032
1033
1030
1031
1033
1033
1033
1031
1028
1028
1029
1033
1032
1032
1030
1030
1034
1037
1036
1033
1031
1027
1031
1033
1032
1030
1028
1029
1031
1033
1031
1030
1029
1030
1030
1036
1034
1032
1031
1030
1034
1035
1035
1033
1031
1031
1032
1036
1031
1032
1028
1026
1029
1033
1034
1031
1030
1031
1034
1034
1033
1031
1031
1031
1033
1039
1036
1036
1032
1025
1024
1026
1027
1025
1028
1035
1054
1079
1097
1113
1118
1122
1134
1150
1174
1189
1194
1188
1180
1172
1161
1141
1116
1082
1050
1028
1015
1014
1010
1007
1007
1000
996
993
998
1003
1008
1019
1027
1032
1034
1034
1032
1029
1024
1018
1013
1015
1015
1017
1016
1012
1012
1011
1014
1018
1014
1013
1010
1011
1015
1015
1017
1015
1015
1015
1018
1020
1020
1017
1016
1015
1017
1018
1018
1017
1016
1012
1015
1019
1020
1018
1016
1018
1019
1022
1023
1021
1021
1022
1024
1028
1027
1024
1022
1022
1022
1029
1027
1026
1027
1027
1032
1034
1034
1035
1033
1034
1039
1039
1043
1041
1041
1040
1043
1045
1046
1042
1043
1043
1046
1049
1052
1051
1050
1049
1054
1059
1059
1057
1057
1057
1059
1061
1062
1058
1057
1058
1062
1065
1063
1061
1063
1066
1068
1069
1067
1065
1065
1066
1067
1070
1070
1065
1065
1062
1065
1067
1066
1064
1064
1062
1065
1064
1066
1065
1064
1063
1066
1069
1068
1064
1060
1059
1061
1065
1065
1057
1057
1058
1061
1065
1065
1063
1060
1059
1063
1066
1067
1061
1062
1065
1065
1070
1069
1066
1066
1070
1073
1074
1073
1074
1072
1076
1078
1081
1081
1080
1081
1080
1083
1086
1085
1082
1081
1081
1086
1086
1091
1090
1093
1092
1094
1097
1099
1094
1092
1091
1089
1091
1095
1091
1087
1087
1087
1083
1078
1070
1067
1066
1063
1055
1041
1025
1007
989
975
968
954
936
913
894
885
885
888
884
886
895
902
906
909
911
913
922
927
935
934
931
921
916
906
902
896
891
884
882
881
882
881
880
878
878
881
882
881
879
876
877
876
880
880
879
876
877
877
881
881
880
880
880
884
886
887
885
884
882
888
891
891
891
891
891
895
896
898
895
895
896
901
905
907
905
904
904
911
912
915
915
912
911
917
919
922
919
919
921
924
929
929
928
926
929
933
937
940
938
938
939
942
945
946
946
945
948
948
955
955
954
953
955
961
966
967
967
966
969
973
976
974
976
976
974
976
979
979
979
979
982
985
989
992
991
990
992
995
997
998
996
995
995
999
997
995
995
991
993
997
998
999
997
997
999
999
1004
1007
1005
1003
1003
1004
1007
1005
1003
1003
1002
1004
1004
1006
1008
1003
1006
1007
1010
1010
1009
1008
1005
1008
1010
1009
1008
1005
1003
1007
1009
1009
1008
1006
1008
1009
1011
1010
1010
1008
1010
1013
1014
1014
1011
1009
1010
1011
1013
1013
1011
1009
1009
1011
1013
1015
1014
1010
1012
1014
1014
1017
1012
1011
1008
1012
1013
1013
1011
1008
1009
1012
1016
1015
1013
1011
1013
1013
1016
1015
1012
1009
1010
1016
1015
1015
1012
1012
1011
1013
1017
1017
1015
1013
1015
1015
1019
1018
1018
1015
1013
1014
1019
1015
1013
1012
1014
1016
1018
1017
1015
1015
1017
1019
1020
1018
1016
1014
1015
1015
1017
1017
1014
1014
1012
1016
1017
1017
1014
1015
1015
1017
1019
1016
1017
1013
1012
1016
1017
1015
1012
1009
1012
1016
1016
1016
1013
1014
1013
1013
1017
1015
1013
1013
1013
1018
1016
1017
1015
1012
1013
1015
1016
1017
1016
1013
1013
1016
1017
1019
1017
1016
1014
1017
1017
1018
1014
1018
1017
1019
1019
1021
1017
1016
1014
1016
1019
1019
1019
1017
1018
1020
1022
1022
1017
1018
1015
1020
1020
1021
1018
1016
1016
1018
1019
1020
1014
1014
1016
1021
1023
1020
1018
1018
1019
1022
1024
1023
1020
1019
1017
1018
1019
1018
1018
1016
1016
1019
1023
1024
1020
1019
1021
1021
1025
1023
1021
1020
1020
1023
1025
1024
1022
1019
1018
1021
1023
1024
1022
1021
1023
1025
1023
1025
1023
1021
1021
1024
1028
1027
1022
1021
1020
1020
1023
1023
1020
1019
1023
1023
1024
1024
1023
1024
1025
1027
1028
1026
1027
1025
1023
1025
1026
1025
1021
1019
1023
1026
1028
1026
1022
1023
1026
1028
1030
1030
1025
1023
1024
1027
1030
1027
1026
1023
1023
1022
1027
1026
1026
1024
1027
1030
1031
1030
1027
1028
1028
1030
1032
1029
1026
1025
1027
1030
1030
1030
1026
1027
1025
1028
1030
1028
1021
1018
1016
1018
1020
1020
1023
1036
1055
1084
1102
1116
1120
1125
1132
1154
1178
1198
1197
1191
1181
1173
1164
1147
1119
1085
1052
1034
1029
1025
1020
1015
1008
1003
1003
1009
1013
1016
1021
1031
1038
1045
1046
1040
1036
1034
1031
1025
1022
1018
1020
1022
1024
1020
1017
1014
1014
1014
1019
1022
1018
1017
1018
1020
1020
1020
1018
1019
1020
1023
1023
1021
1020
1017
1019
1020
1022
1022
1019
1020
1022
1025
1026
1025
1020
1022
1025
1027
1032
1030
1029
1028
1030
1034
1034
1028
1025
1027
1027
1033
1040
1041
1038
1036
1038
1038
1040
1040
1041
1042
1045
1049
1050
1048
1046
1043
1047
1050
1053
1056
1052
1052
1053
1056
1061
1061
1058
1063
1065
1067
1068
1068
1066
1068
1069
1070
1073
1073
1072
1069
1069
1079
1082
1082
1079
1079
1079
1083
1083
1084
1084
1086
1087
1088
1089
1087
1084
1087
1088
1089
1091
1092
1090
1088
1088
1090
1091
1093
1091
1088
1091
1094
1095
1094
1094
1092
1090
1085
1086
1089
1088
1086
1085
1088
1088
1089
1090
1087
1088
1088
1092
1091
1091
1089
1087
1087
1090
1088
1089
1085
1083
1084
1085
1086
1083
1084
1084
1092
1097
1097
1092
1088
1090
1093
1093
1094
1095
1091
1095
1096
1099
1105
1106
1103
1101
1104
1107
1108
1108
1107
1112
1117
1115
1115
1117
1119
1127
1128
1127
1127
1125
1126
1129
1133
1133
1129
1126
1127
1126
1127
1134
1130
1123
1121
1120
1123
1119
1115
1108
1100
1093
1087
1082
1071
1053
1038
1023
1008
991
975
960
943
924
914
912
908
900
899
901
906
911
913
916
925
932
941
948
943
932
927
923
921
918
916
914
907
904
902
900
895
891
890
891
896
898
894
888
886
885
890
896
897
892
888
889
892
896
896
897
895
896
899
901
901
902
900
902
907
913
916
914
912
914
921
929
930
930
936
939
946
952
953
950
951
954
958
965
968
970
969
964
969
973
975
976
980
983
988
990
993
993
996
1000
1004
1006
1010
1011
1012
1012
1014
1016
1018
1018
1022
1023
1027
1034
1035
1038
1041
1041
1050
1055
1052
1055
1055
1057
1063
1069
1072
1070
1072
1076
1080
1083
1082
1083
1083
1083
1090
1096
1100
1101
1095
1095
1101
1104
1104
1104
1106
1109
1113
1112
1109
1107
1104
1110
1113
1115
1112
1108
1109
1109
1111
1115
1119
1117
1112
1108
1112
1113
1112
1111
1113
1115
1116
1118
1114
1111
1105
1110
1112
1110
1111
1110
1107
1108
1110
1111
1107
1106
1106
1107
1106
1106
1102
1101
1099
1102
1104
1105
1102
1095
1096
1095
1097
1097
1097
1093
1091
1094
1094
1095
1096
1091
1091
1090
1090
1086
1087
1085
1083
1084
1088
1085
1079
1073
1076
1076
1075
1075
1073
1070
1068
1069
1068
1071
1069
1064
1057
1057
1058
1057
1056
1052
1050
1049
1046
1045
1044
1041
1041
1045
1048
1044
1040
1030
1025
1025
1025
1026
1025
1023
1020
1017
1014
1007
1005
1002
999
999
1002
1002
998
995
994
993
993
994
991
990
987
986
987
985
983
981
979
976
981
981
976
972
969
971
974
976
973
968
966
968
968
970
971
967
965
966
967
964
962
959
959
960
961
965
964
959
959
960
962
961
962
959
958
956
961
961
962
959
959
959
959
961
961
959
958
959
959
962
961
961
959
957
962
964
965
962
961
960
964
964
962
963
959
960
963
965
966
964
962
964
964
968
965
964
964
965
966
965
965
965
961
962
967
969
969
970
967
967
969
972
973
969
970
970
972
973
973
971
969
970
974
975
974
971
971
973
976
977
972
974
976
980
979
982
980
978
975
975
981
981
981
980
979
975
975
978
978
976
975
976
976
982
981
977
977
979
983
987
984
979
977
977
979
981
978
978
976
980
982
982
982
977
977
977
982
982
984
984
984
986
985
987
986
984
978
981
986
985
983
979
981
980
985
988
989
987
984
986
989
989
989
988
986
986
988
991
990
985
984
985
987
990
986
989
988
990
992
995
993
989
987
991
993
995
994
992
989
988
990
992
992
991
988
989
991
992
994
992
988
994
995
998
997
994
995
998
997
994
989
982
985
987
991
999
1011
1028
1052
1069
1085
1090
1092
1098
1115
1138
1154
1158
1153
1141
1131
1121
1106
1082
1049
1019
998
988
988
985
982
975
965
961
968
976
977
980
991
1002
1012
1013
1013
1002
994
993
993
995
996
995
996
997
998
999
998
996
992
997
998
1001
1002
1000
998
997
999
1001
1001
999
1001
1002
1004
1004
1002
1005
1003
1007
1009
1012
1013
1015
1012
1011
1010
1010
1013
1013
1016
1019
1023
1022
1021
1022
1020
1024
1026
1032
1032
1031
1031
1034
1036
1038
1037
1039
1038
1040
1044
1047
1049
1048
1049
1054
1056
1059
1061
1058
1060
1062
1067
1069
1069
1068
1068
1070
1074
1074
1078
1076
1074
1079
1079
1084
1083
1084
1083
1084
1088
1090
1090
1087
1086
1089
1091
1094
1092
1090
1091
1091
1096
1100
1096
1094
1098
1099
1101
1102
1100
1099
1098
1100
1100
1100
1101
1101
1097
1099
1101
1101
1095
1097
1095
1097
1097
1100
1098
1096
1094
1092
1094
1095
1094
1093
1097
1096
1097
1095
1092
1093
1092
1093
1092
1094
1097
1095
1095
1095
1098
1100
1098
1097
1096
1098
1103
1106
1105
1101
1098
1100
1102
1103
1107
1106
1108
1113
1119
1123
1127
1126
1126
1128
1137
1140
1140
1138
1136
1140
1144
1147
1147
1147
1147
1150
1153
1157
1157
1156
1152
1152
1153
1155
1157
1158
1161
1163
1165
1167
1171
1174
1171
1170
1167
1163
1157
1145
1135
1123
1111
1093
1073
1056
1042
1026
1012
994
980
971
968
972
974
978
983
995
1003
1005
1006
1004
997
986
978
970
966
967
964
957
950
952
954
956
957
952
949
948
948
948
948
946
944
943
945
942
941
938
937
938
941
941
937
934
929
931
930
931
932
930
931
930
930
933
934
932
932
933
932
934
935
931
932
935
940
938
935
933
936
936
938
941
944
941
942
946
950
951
952
952
950
950
953
953
953
954
953
955
960
963
960
960
962
964
967
968
971
968
971
973
976
984
983
983
981
983
986
986
987
988
989
994
994
998
1002
1001
998
1001
1003
1004
1004
1001
1004
1007
1008
1007
1011
1010
1007
1010
1014
1012
1014
1014
1015
1016
1019
1018
1019
1016
1017
1021
1022
1024
1023
1018
1019
1020
1021
1019
1020
1020
1021
1024
1024
1025
1025
1018
1018
1022
1024
1023
1023
1022
1019
1019
1021
1023
1022
1019
1018
1022
1025
1022
1022
1021
1019
1022
1024
1029
1024
1019
1018
1020
1025
1021
1023
1017
1016
1014
1018
1023
1022
1018
1016
1021
1026
1022
1022
1021
1022
1025
1024
1024
1023
1022
1020
1014
1018
1018
1019
1020
1018
1020
1024
1028
1023
1017
1020
1022
1022
1022
1019
1022
1017
1018
1022
1022
1018
1021
1018
1018
1021
1021
1021
1021
1019
1018
1019
1023
1020
1017
1017
1015
1018
1021
1019
1017
1015
1017
1018
1020
1020
1018
1019
1017
1021
1022
1022
1019
1019
1020
1022
1022
1019
1017
1018
1018
1022
1021
1020
1020
1015
1019
1020
1026
1021
1020
1017
1020
1023
1023
1021
1017
1015
1016
1019
1018
1018
1013
1013
1015
1019
1020
1019
1016
1016
1014
1018
1018
1016
1013
1013
1016
1016
1017
1013
1010
1009
1014
1012
1018
1016
1015
1013
1014
1016
1014
1014
1012
1011
1012
1015
1015
1013
1010
1008
1010
1011
1012
1013
1010
1009
1012
1013
1015
1014
1013
1012
1013
1014
1017
1014
1011
1010
1010
1013
1013
1011
1008
1007
1014
1016
1016
1016
1012
1010
1013
1013
1016
1014
1011
1011
1009
1009
1011
1012
1010
1008
1010
1015
1017
1012
1010
1009
1009
1013
1016
1015
1011
1010
1012
1013
1014
1012
1007
1009
1010
1010
1013
1011
1008
1010
1012
1014
1014
1015
1011
1009
1013
1013
1016
1013
1013
1010
1011
1012
1011
1009
1008
1008
1009
1013
1016
1014
1012
1012
1012
1017
1018
1017
1013
1013
1014
1016
1014
1012
1013
1011
1014
1014
1020
1018
1019
1016
1019
1020
1020
1020
1018
1018
1021
1020
1024
1018
1015
1018
1020
1022
1023
1021
1020
1021
1022
1026
1027
1025
1024
1023
1023
1027
1027
1025
1023
1021
1021
1025
1023
1021
1017
1009
1011
1013
1017
1020
1020
1030
1051
1073
1094
1103
1109
1111
1122
1138
1156
1167
1165
1156
1149
1142
1130
1115
1090
1062
1041
1027
1018
1014
1008
1002
998
993
991
993
995
998
1008
1018
1025
1029
1026
1025
1020
1018
1017
1011
1009
1010
1012
1016
1013
1013
1007
1008
1007
1008
1007
1006
1005
1003
1004
1008
1008
1006
1005
1003
1006
1008
1010
1006
1007
1005
1007
1009
1010
1007
1004
1006
1005
1007
1009
1009
1007
1008
1008
1013
1012
1014
1013
1012
1011
1018
1017
1018
1013
1014
1014
1019
1019
1019
1015
1015
1022
1024
1027
1026
1023
1026
1027
1029
1032
1031
1028
1031
1029
1031
1034
1033
1033
1031
1036
1039
1039
1038
1038
1039
1041
1043
1045
1045
1043
1042
1046
1050
1049
1048
1044
1044
1048
1049
1050
1051
1051
1052
1054
1056
1059
1057
1056
1054
1056
1060
1060
1058
1053
1053
1054
1057
1060
1060
1056
1055
1057
1058
1060
1057
1055
1054
1056
1059
1059
1055
1053
1054
1055
1056
1058
1056
1052
1050
1053
1053
1052
1052
1051
1052
1054
1054
1056
1054
1053
1052
1056
1057
1055
1053
1053
1051
1052
1053
1055
1054
1051
1051
1054
1056
1059
1061
1060
1061
1061
1064
1063
1063
1061
1061
1065
1069
1071
1072
1067
1066
1069
1073
1072
1070
1071
1071
1075
1080
1081
1078
1076
1076
1076
1075
1074
1072
1072
1072
1074
1073
1071
1068
1066
1068
1069
1068
1065
1053
1043
1037
1030
1014
991
966
944
928
918
900
879
859
848
844
844
849
850
854
857
868
883
895
900
901
897
895
893
895
894
886
883
880
877
880
880
878
878
877
878
880
880
878
878
878
879
879
877
876
876
876
877
879
877
878
877
876
877
881
883
880
881
881
885
885
888
887
886
886
887
893
894
892
893
893
897
901
903
901
900
905
911
910
911
911
909
913
914
918
916
918
918
917
924
923
925
925
927
927
933
936
936
938
938
938
940
946
949
949
948
951
954
954
957
955
954
956
961
967
969
969
969
972
975
983
988
990
989
990
992
997
996
995
993
992
995
1000
1006
1005
1006
1007
1011
1009
1010
1008
1006
1009
1015
1018
1019
1012
1011
1013
1011
1013
1010
1010
1011
1010
1014
1016
1013
1012
1011
1009
1012
1014
1014
1012
1010
1009
1008
1013
1016
1015
1013
1012
1014
1017
1017
1017
1015
1014
1014
1019
1019
1013
1015
1013
1014
1019
1020
1016
1014
1014
1020
1022
1023
1017
1016
1017
1019
1023
1021
1019
1016
1013
1016
1019
1017
1019
1015
1014
1020
1020
1021
1019
1020
1019
1019
1023
1022
1022
1019
1017
1020
1024
1021
1021
1016
1019
1023
1020
1023
1021
1020
1020
1023
1024
1022
1019
1021
1020
1022
1025
1023
1018
1020
1017
1019
1019
1019
1017
1019
1019
1023
1026
1025
1023
1018
1021
1021
1023
1024
1020
1017
1017
1022
1023
1022
1020
1018
1018
1022
1022
1022
1021
1021
1021
1022
1025
1027
1023
1018
1017
1018
1023
1021
1021
1020
1015
1017
1020
1023
1023
1020
1019
1021
1024
1022
1021
1019
1019
1020
1019
1023
1022
1019
1019
1020
1023
1019
1017
1017
1016
1019
1023
1022
1022
1020
1020
1023
1025
1024
1020
1021
1019
1021
1023
1021
1020
1018
1019
1021
1023
1026
1022
1019
1018
1023
1025
1023
1024
1021
1020
1022
1022
1025
1023
1019
1019
1020
1025
1021
1020
1019
1020
1024
1025
1022
1023
1020
1021
1023
1024
1024
1023
1022
1018
1023
1024
1023
1021
1017
1016
1021
1025
1026
1024
1023
1022
1025
1026
1026
1022
1023
1021
1022
1020
1020
1020
1019
1018
1018
1020
1024
1022
1020
1019
1022
1024
1023
1023
1021
1020
1024
1023
1024
1022
1022
1018
1021
1023
1023
1020
1018
1016
1021
1021
1023
1024
1022
1021
1020
1023
1025
1023
1023
1021
1023
1025
1024
1022
1021
1019
1021
1024
1021
1021
1019
1020
1023
1025
1023
1022
1021
1017
1019
1024
1024
1020
1018
1018
1018
1022
1022
1020
1018
1019
1022
1023
1024
1022
1020
1018
1021
1023
1023
1023
1019
1016
1020
1021
1021
1019
1016
1017
1018
1019
1021
1021
1020
1017
1020
1022
1025
1022
1019
1019
1019
1018
1012
1009
1005
1003
1010
1021
1035
1053
1074
1093
1105
1115
1117
1125
1142
1160
1174
1175
1164
1145
1130
1110
1087
1057
1028
1009
1002
1000
999
999
994
987
984
990
1000
1007
1012
1020
1030
1031
1034
1031
1024
1016
1008
1003
1005
1007
1009
1010
1007
1004
1010
1009
1006
1007
1003
1004
1007
1007
1003
1001
1003
1003
1008
1007
1005
1004
1002
1006
1010
1013
1014
1011
1011
1008
1011
1016
1016
1011
1011
1011
1014
1015
1016
1016
1016
1017
1021
1022
1023
1022
1021
1021
1023
1028
1027
1027
1026
1025
1026
1031
1031
1028
1027
1028
1032
1034
1034
1035
1035
1036
1038
1041
1043
1042
1041
1042
1047
1046
1048
1047
1046
1046
1050
1052
1052
1051
1051
1051
1054
1056
1058
1056
1055
1055
1059
1063
1061
1060
1058
1058
1061
1064
1064
1061
1060
1060
1064
1066
1063
1064
1062
1063
1065
1066
1067
1065
1065
1064
1066
1068
1069
1067
1065
1065
1068
1066
1065
1064
1063
1063
1065
1065
1065
1064
1063
1062
1066
1066
1066
1062
1061
1060
1062
1065
1063
1060
1057
1055
1061
1062
1063
1062
1059
1061
1060
1067
1064
1065
1062
1061
1063
1067
1067
1066
1066
1065
1066
1071
1072
1072
1069
1072
1077
1080
1078
1077
1074
1076
1079
1081
1085
1085
1083
1083
1086
1089
1089
1085
1083
1083
1088
1091
1091
1091
1087
1086
1083
1082
1081
1080
1078
1083
1085
1087
1086
1084
1084
1084
1078
1074
1067
1053
1043
1032
1020
1003
977
950
931
916
899
886
874
865
858
851
856
861
863
871
881
893
907
918
924
924
922
919
918
917
911
908
903
897
896
892
891
887
884
886
887
888
888
885
882
884
886
886
887
881
881
880
884
888
888
886
883
885
887
887
887
888
885
887
891
893
892
890
890
889
893
896
893
896
894
898
902
905
903
901
900
901
905
909
909
908
906
909
913
915
916
916
916
919
923
923
926
923
920
923
927
930
930
929
932
931
936
937
939
941
941
944
947
949
950
948
949
950
953
955
958
957
959
957
963
968
965
963
965
969
974
976
979
980
982
984
988
990
994
993
994
995
992
997
996
996
993
991
997
1002
1003
999
998
1000
1001
1004
1003
1002
1001
1001
1004
1009
1007
1005
1003
1004
1004
1003
1002
1000
1000
1003
1005
1006
1006
1006
1006
1006
1004
1004
1003
999
999
999
1001
1001
1006
1003
1001
1000
1005
1006
1006
1003
1006
1007
1006
1010
1008
1006
1006
1002
1006
1005
1002
1003
1002
1002
1003
1008
1007
1001
1004
1001
1003
1005
1008
1006
1007
1003
1007
1010
1009
1008
1006
1005
1007
1009
1008
1006
1003
1003
1007
1009
1011
1008
1009
1010
1012
1013
1009
1008
1008
1006
1010
1011
1011
1008
1008
1009
1010
1011
1012
1012
1010
1011
1012
1015
1011
1009
1008
1011
1012
1013
1011
1009
1011
1012
1014
1014
1011
1008
1009
1008
1009
1011
1013
1014
1013
1012
1014
1017
1018
1016
1012
1016
1018
1016
1016
1013
1011
1012
1014
1016
1016
1012
1013
1012
1012
1018
1019
1016
1017
1017
1016
1017
1015
1017
1016
1014
1014
1015
1010
1009
1011
1013
1015
1018
1016
1017
1019
1017
1015
1016
1014
1016
1014
1014
1018
1016
1015
1011
1013
1013
1014
1015
1015
1014
1011
1014
1017
1017
1015
1015
1015
1014
1014
1016
1014
1013
1013
1012
1016
1018
1017
1013
1013
1012
1017
1019
1015
1012
1011
1014
1015
1018
1015
1013
1013
1010
1014
1018
1018
1016
1009
1010
1014
1016
1014
1010
1008
1010
1015
1019
1019
1015
1012
1013
1011
1018
1015
1013
1010
1009
1012
1014
1013
1010
1011
1012
1015
1015
1014
1012
1014
1014
1015
1012
1013
1011
1010
1012
1011
1012
1014
1012
1012
1012
1012
1012
1010
1010
1010
1012
1012
1012
1015
1014
1011
1013
1014
1016
1017
1012
1012
1011
1013
1016
1012
1011
1008
1008
1014
1014
1016
1014
1013
1011
1014
1016
1017
1013
1013
1011
1013
1013
1010
1011
1006
1010
1010
1010
1006
1008
1008
1011
1013
1014
1012
1011
1011
1011
1011
1013
1015
1010
1008
1008
1010
1013
1010
1010
1008
1007
1011
1013
1011
1008
1008
1010
1012
1009
1012
1010
1009
1008
1005
1013
1011
1010
1008
1006
1008
1011
1015
1014
1008
1010
1011
1009
1005
1003
1004
1003
1008
1018
1033
1053
1072
1088
1101
1106
1111
1123
1136
1150
1157
1151
1138
1122
1108
1092
1072
1050
1021
1003
995
993
994
996
989
981
980
989
1001
1008
1013
1018
1023
1027
1030
1028
1023
1016
1009
1007
1005
1002
1000
998
1001
1001
1004
1007
1007
1007
1004
1006
1006
1010
1008
1007
1004
1003
1006
1005
1005
1005
1000
1002
1005
1007
1005
1005
1005
1005
1008
1011
1010
1007
1006
1005
1007
1012
1011
1009
1010
1009
1007
1012
1013
1012
1015
1014
1014
1019
1019
1015
1018
1016
1020
1021
1020
1019
1019
1019
1023
1026
1027
1024
1024
1025
1028
1031
1035
1032
1031
1032
1034
1035
1035
1034
1035
1038
1039
1040
1040
1038
1037
1038
1039
1043
1041
1043
1042
1042
1045
1047
1048
1047
1046
1045
1048
1052
1050
1050
1048
1051
1052
1052
1052
1050
1049
1051
1053
1057
1055
1054
1051
1050
1051
1055
1053
1053
1051
1051
1050
1055
1053
1049
1047
1048
1049
1051
1052
1050
1050
1049
1053
1052
1049
1049
1049
1048
1048
1048
1048
1046
1044
1043
1048
1048
1047
1045
1044
1045
1049
1049
1053
1046
1048
1049
1051
1053
1053
1050
1053
1050
1055
1056
1055
1051
1054
1052
1058
1063
1062
1062
1063
1065
1066
1068
1066
1065
1063
1067
1071
1070
1069
1068
1066
1066
1068
1070
1069
1066
1061
1058
1058
1056
1053
1048
1045
1041
1044
1046
1043
1039
1033
1030
1027
1030
1029
1024
1014
1002
992
981
968
950
931
919
918
910
900
893
894
895
901
907
914
919
924
930
931
929
920
907
897
887
881
875
868
861
860
859
861
864
860
858
855
855
856
858
859
858
856
857
858
860
859
856
855
856
860
862
861
860
857
859
860
861
862
861
863
865
866
867
867
869
867
869
873
873
874
875
875
877
880
882
880
879
877
880
884
885
886
885
887
889
891
894
894
894
894
896
899
901
900
897
897
900
904
907
907
904
906
908
911
918
918
918
917
920
923
927
928
926
926
928
931
932
935
934
935
936
941
943
945
943
944
947
950
955
956
954
956
957
958
961
959
958
956
956
959
962
963
963
966
968
973
976
977
971
973
976
979
981
981
980
977
982
987
985
987
984
983
984
990
989
989
989
988
988
990
994
996
994
992
994
993
996
996
995
991
992
994
992
992
987
991
994
996
998
997
996
992
995
997
997
998
997
992
995
996
995
995
995
994
995
995
995
996
997
996
996
997
1000
997
996
993
997
998
997
1000
998
998
996
995
998
999
996
995
999
1000
1000
1003
997
996
998
1000
1004
1003
1001
1000
999
1003
1002
1002
996
996
1000
1002
1005
1001
1002
1001
1003
1007
1006
1003
1000
1001
1003
1005
1005
1003
1001
1000
1000
1003
1005
1004
1003
1003
1005
1007
1008
1008
1007
1004
1004
1007
1008
1009
1004
1004
1004
1008
1004
1006
1004
1005
1006
1009
1010
1010
1008
1007
1009
1011
1012
1014
1010
1009
1009
1009
1011
1007
1005
1004
1005
1008
1005
1006
1005
1007
1009
1011
1011
1012
1007
1006
1010
1008
1009
1010
1011
1008
1007
1013
1010
1011
1006
1006
1008
1012
1012
1012
1008
1009
1010
1013
1013
1011
1009
1007
1011
1011
1010
1010
1008
1008
1008
1012
1015
1016
1013
1009
1009
1011
1012
1014
1011
1011
1012
1016
1016
1014
1008
1008
1012
1014
1013
1014
1013
1011
1010
1013
1018
1015
1013
1013
1012
1016
1015
1012
1012
1011
1012
1014
1011
1013
1011
1010
1013
1017
1017
1014
1012
1010
1013
1015
1017
1017
1015
1014
1016
1016
1016
1015
1012
1013
1012
1016
1014
1017
1016
1014
1016
1017
1017
1015
1013
1016
1016
1018
1015
1013
1010
1010
1012
1015
1017
1014
1014
1015
1016
1015
1014
1015
1013
1011
1015
1017
1019
1017
1012
1014
1014
1017
1016
1012
1009
1013
1016
1017
1018
1016
1014
1014
1016
1015
1017
1017
1018
1014
1013
1016
1014
1013
1012
1007
1007
1015
1018
1018
1015
1013
1015
1013
1018
1019
1014
1011
1013
1020
1020
1014
1013
1012
1013
1016
1017
1016
1012
1009
1007
1007
1009
1012
1021
1033
1052
1074
1094
1102
1105
1106
1117
1133
1148
1155
1150
1139
1126
1115
1100
1080
1053
1026
1010
1005
1005
1005
1004
999
992
990
999
1006
1011
1016
1020
1025
1030
1027
1022
1015
1011
1008
1010
1007
1004
1001
1000
1004
1005
1002
999
999
1001
1002
1005
1002
999
1001
1002
1002
1004
1001
998
1000
1002
1005
1004
1003
1001
1000
1002
1008
1010
1007
1004
1006
1008
1008
1010
1010
1010
1009
1009
1013
1016
1016
1013
1014
1015
1015
1014
1016
1020
1019
1023
1023
1024
1022
1022
1025
1024
1027
1030
1031
1029
1028
1028
1032
1037
1034
1032
1031
1036
1039
1043
1044
1041
1044
1049
1051
1047
1048
1046
1052
1055
1056
1051
1047
1051
1050
1048
1054
1061
1064
1062
1062
1057
1058
1057
1060
1059
1061
1066
1071
1073
1070
1066
1063
1066
1071
1072
1071
1068
1063
1070
1073
1078
1077
1073
1072
1072
1076
1079
1073
1069
1068
1071
1076
1077
1073
1069
1064
1067
1071
1075
1077
1072
1068
1069
1074
1073
1071
1070
1069
1072
1073
1072
1073
1073
1069
1066
1070
1075
1076
1074
1071
1075
1079
1080
1075
1074
1075
1078
1078
1077
1076
1076
1074
1076
1076
1079
1080
1079
1078
1081
1085
1084
1084
1084
1085
1085
1091
1092
1088
1087
1088
1088
1084
1081
1077
1077
1083
1090
1094
1102
1106
1104
1096
1088
1077
1066
1056
1039
1019
996
978
960
942
925
915
908
908
903
895
890
885
887
888
897
911
919
919
917
917
912
906
899
893
893
895
897
899
898
895
894
899
896
893
891
890
894
897
898
892
887
892
897
899
896
891
892
896
899
897
898
898
900
905
909
911
907
903
902
905
908
914
914
914
917
910
908
913
925
928
920
917
920
929
933
934
931
930
929
940
946
942
942
947
952
955
956
951
949
956
965
964
966
965
961
964
963
963
967
970
970
974
982
976
977
976
975
973
981
990
990
987
986
985
985
990
991
993
997
993
991
995
999
998
1001
1003
1008
1009
1003
997
1001
1007
1008
1007
1005
1004
1004
1003
1007
1009
1005
1007
1006
1006
1010
1016
1014
1003
1003
1005
1010
1014
1018
1011
1003
1003
1005
1007
1007
1006
1001
997
994
1003
1010
1012
1006
998
1001
1006
1005
1002
999
1000
999
1002
1005
1000
1000
1002
1001
1003
1003
1002
1002
1000
1003
1006
1008
1006
1005
1005
1003
1005
1004
1003
1002
1001
1004
1005
1004
1005
1003
1005
1005
1005
1004
1006
1006
1006
1007
1007
1007
1008
1003
1007
1009
1007
1006
1003
1003
1002
1004
1006
1009
1005
1004
1004
1003
1007
1007
1006
1001
1004
1008
1008
1008
1008
1005
1003
1005
1008
1013
1015
1007
1001
1005
1008
1009
1007
1006
1008
1012
1017
1020
1017
1012
1008
1013
1017
1016
1014
1012
1009
1014
1014
1015
1016
1017
1016
1018
1020
1022
1021
1017
1010
1016
1021
1020
1021
1020
1018
1020
1023
1021
1020
1017
1018
1021
1023
1024
1021
1019
1020
1020
1024
1022
1023
1026
1022
1022
1027
1025
1024
1023
1023
1026
1026
1024
1022
1020
1021
1022
1024
1027
1027
1023
1022
1026
1027
1029
1026
1025
1024
1027
1026
1029
1024
1023
1024
1027
1027
1028
1025
1025
1027
1027
1030
1028
1027
1024
1025
1027
1029
1029
1030
1023
1022
1025
1028
1027
1025
1024
1022
1029
1030
1030
1026
1025
1025
1028
1028
1030
1030
1024
1026
1025
1027
1027
1028
1025
1023
1026
1027
1026
1025
1021
1025
1026
1029
1029
1027
1027
1026
1029
1031
1030
1028
1026
1025
1028
1028
1027
1026
1024
1022
1024
1027
1028
1027
1024
1026
1026
1030
1027
1025
1025
1024
1028
1030
1029
1027
1024
1025
1026
1028
1025
1026
1024
1023
1024
1030
1031
1027
1027
1025
1029
1028
1030
1029
1025
1021
1024
1030
1030
1029
1024
1022
1023
1027
1025
1025
1025
1025
1027
1030
1031
1029
1027
1027
1028
1027
1028
1028
1028
1024
1024
1030
1028
1026
1024
1027
1030
1030
1031
1031
1030
1028
1031
1032
1034
1033
1030
1029
1033
1034
1032
1031
1028
1027
1026
1030
1031
1030
1029
1030
1032
1035
1033
1028
1023
1021
1024
1026
1026
1027
1031
1039
1056
1076
1093
1103
1111
1117
1122
1136
1151
1168
1176
1173
1169
1159
1150
1133
1114
1095
1072
1049
1030
1020
1016
1011
1010
1006
1002
995
996
998
1005
1016
1021
1027
1034
1042
1047
1048
1044
1036
1028
1024
1022
1023
1022
1021
1019
1017
1020
1021
1021
1020
1018
1017
1019
1021
1022
1019
1016
1015
1019
1023
1020
1017
1015
1019
1016
1021
1020
1016
1015
1016
1017
1021
1018
1019
1019
1019
1020
1026
1023
1023
1020
1021
1023
1025
1027
1024
1022
1022
1025
1027
1027
1026
1025
1021
1028
1029
1032
1030
1029
1028
1032
1037
1035
1035
1032
1033
1035
1037
1039
1037
1033
1035
1037
1041
1042
1038
1039
1039
1042
1044
1046
1045
1042
1042
1046
1049
1048
1048
1047
1046
1049
1053
1053
1052
1052
1050
1053
1056
1054
1052
1052
1055
1058
1059
1058
1057
1056
1055
1061
1064
1062
1061
1059
1061
1062
1064
1063
1062
1059
1059
1061
1065
1065
1065
1063
1061
1068
1066
1066
1063
1061
1061
1064
1067
1065
1062
1059
1060
1059
1062
1062
1059
1057
1055
1061
1062
1061
1058
1057
1057
1056
1062
1059
1056
1054
1053
1057
1058
1056
1053
1052
1053
1052
1057
1056
1056
1054
1051
1057
1061
1059
1059
1059
1058
1060
1066
1063
1063
1062
1062
1065
1068
1068
1064
1067
1067
1069
1074
1074
1073
1071
1074
1073
1078
1080
1077
1076
1077
1081
1084
1082
1079
1075
1075
1077
1078
1074
1075
1077
1077
1082
1086
1086
1086
1081
1076
1080
1074
1069
1060
1045
1029
1013
995
975
952
936
921
912
900
883
868
856
848
850
854
861
863
870
872
881
891
900
904
906
909
911
908
902
897
886
885
884
885
884
883
879
879
883
884
882
879
877
876
878
881
876
875
871
873
875
878
877
875
875
874
877
879
879
877
874
874
875
881
879
878
878
879
884
887
888
888
888
887
891
892
897
895
895
898
900
905
904
900
904
903
908
908
910
914
914
917
920
925
927
926
926
927
929
936
939
938
939
940
941
947
950
950
952
955
958
962
963
964
966
970
976
982
982
984
990
994
997
1003
1007
1008
1008
1010
1015
1020
1025
1025
1031
1034
1041
1051
1059
1064
1068
1072
1080
1084
1084
1081
1080
1086
1094
1101
1104
1106
1103
1106
1111
1116
1119
1119
1122
1123
1125
1122
1119
1116
1113
1109
1103
1090
1073
1056
1043
1027
1010
1001
991
982
976
972
976
975
974
970
970
970
973
972
973
973
970
970
971
974
972
971
969
973
974
976
978
975
972
973
978
980
977
976
977
978
981
981
980
977
976
978
981
981
980
978
979
981
985
987
987
984
983
985
989
989
987
989
988
989
990
995
993
990
989
991
996
998
998
997
995
999
1003
1005
1003
999
999
1002
1005
1004
1005
1002
1002
1001
1007
1006
1007
1007
1005
1008
1012
1012
1011
1009
1007
1007
1011
1014
1014
1011
1009
1009
1010
1014
1011
1011
1008
1008
1011
1013
1012
1007
1008
1008
1013
1013
1010
1007
1006
1007
1010
1011
1009
1003
1002
1003
1005
1005
1003
1002
1002
1002
1004
1005
1004
999
997
1000
1003
1001
1002
998
994
995
997
997
996
993
993
993
995
999
1000
998
993
992
993
997
997
996
993
991
992
994
992
991
989
991
990
993
992
988
986
987
989
995
994
992
991
989
989
993
992
989
987
986
992
992
993
988
987
986
990
991
992
989
986
987
989
993
992
989
989
989
991
991
991
988
987
989
991
990
991
988
986
988
990
994
991
988
988
989
989
992
992
988
987
986
988
991
992
987
989
989
991
993
993
990
986
990
991
995
991
988
987
988
990
989
989
986
986
989
991
993
992
987
985
985
990
992
990
989
987
988
991
991
990
986
985
988
986
989
990
988
987
987
987
987
990
988
987
988
990
991
991
987
985
986
989
989
992
990
987
988
991
992
992
991
990
991
990
991
994
991
990
988
991
992
991
988
989
988
992
994
992
992
990
991
993
992
994
991
991
991
993
995
993
990
989
990
991
993
997
993
995
996
999
1004
1005
1000
995
992
990
990
983
976
969
965
961
952
938
925
910
900
883
870
841
815
805
806
816
827
836
849
861
876
888
897
903
910
919
925
931
940
951
958
972
983
994
1001
1002
1005
1004
1005
1008
1012
1012
1007
1007
1009
1014
1016
1015
1013
1013
1015
1017
1019
1017
1017
1015
1018
1019
1021
1022
1018
1016
1018
1021
1024
1023
1021
1021
1024
1025
1029
1026
1026
1028
1027
1031
1034
1033
1030
1031
1032
1034
1035
1036
1037
1033
1033
1039
1039
1040
1040
1039
1042
1042
1043
1046
1043
1044
1045
1045
1048
1050
1049
1048
1049
1050
1052
1051
1051
1049
1052
1056
1058
1059
1056
1058
1059
1062
1064
1064
1062
1061
1060
1065
1068
1068
1064
1063
1065
1067
1068
1070
1068
1067
1069
1072
1077
1073
1072
1070
1070
1070
1074
1072
1070
1070
1068
1070
1073
1071
1070
1071
1072
1074
1075
1077
1073
1072
1072
1077
1079
1078
1076
1073
1078
1081
1082
1082
1079
1079
1082
1085
1089
1088
1089
1088
1094
1096
1099
1100
1097
1101
1104
1107
1112
1113
1111
1111
1116
1120
1121
1123
1122
1124
1128
1131
1133
1133
1131
1133
1134
1137
1136
1140
1137
1139
1137
1140
1140
1139
1136
1134
1136
1138
1137
1135
1133
1131
1128
1129
1129
1127
1121
1118
1119
1117
1116
1113
1110
1106
1105
1105
1105
1104
1097
1093
1091
1092
1091
1089
1086
1081
1082
1082
1081
1078
1076
1074
1074
1074
1076
1078
1077
1076
1075
1078
1083
1083
1082
1081
1083
1090
1099
1103
1098
1089
1083
1079
1077
1069
1064
1052
1046
1039
1034
1026
1014
1003
999
1004
1010
1013
1013
1013
1010
1007
1005
1007
1004
999
994
983
978
967
950
934
919
907
899
891
886
882
885
887
888
886
886
886
888
888
890
893
891
890
891
892
894
893
892
889
893
893
897
896
892
890
891
894
897
896
893
896
897
899
904
903
900
897
894
897
899
898
898
899
899
902
903
904
905
903
902
903
906
905
904
903
904
907
908
907
904
904
907
909
907
904
902
903
903
904
908
909
905
906
908
911
912
912
911
912
912
915
917
914
916
910
912
915
918
920
920
921
925
929
935
937
940
945
958
971
984
995
1002
1013
1030
1047
1063
1077
1088
1097
1107
1123
1132
1138
1142
1149
1154
1160
1169
1175
1177
1179
1183
1179
1179
1167
1155
1146
1133
1120
1102
1081
1061
1048
1038
1030
1025
1018
1009
1003
999
994
987
976
965
954
944
936
931
925
915
913
909
908
905
903
901
899
901
899
901
902
900
900
900
899
898
897
898
894
896
898
901
900
898
900
898
901
899
903
899
898
900
903
903
902
903
902
902
907
907
907
905
907
910
910
916
916
915
915
914
917
922
924
923
922
922
923
926
925
924
925
926
927
932
930
931
931
936
939
943
942
942
942
945
953
957
963
967
973
980
986
992
998
1003
1011
1017
1023
1032
1035
1044
1049
1061
1075
1088
1101
1112
1120
1133
1151
1169
1182
1197
1210
1225
1236
1244
1248
1253
1261
1266
1265
1255
1232
1209
1187
1166
1143
1115
1088
1064
1040
1013
984
961
940
923
918
915
915
918
916
913
910
910
913
914
908
903
902
905
909
910
908
907
905
904
907
907
906
902
901
902
903
901
900
898
899
900
902
901
901
901
901
901
901
902
901
901
903
899
902
903
906
904
899
901
908
908
909
909
908
911
914
916
916
915
912
917
919
919
917
918
919
920
923
925
926
923
924
924
928
933
931
929
930
933
934
936
936
933
932
937
937
939
939
939
938
937
940
940
943
943
943
945
946
946
949
947
947
947
950
952
950
949
947
950
954
956
955
952
954
956
957
962
960
960
962
966
967
973
973
975
974
975
976
982
976
979
979
981
985
988
986
989
985
989
991
991
989
987
986
988
990
992
992
991
990
990
993
992
992
992
990
992
993
996
993
992
993
993
995
995
997
995
992
994
995
994
994
993
991
993
995
998
997
994
992
994
995
996
998
995
994
995
998
994
994
995
991
992
996
996
997
995
995
997
995
999
997
997
995
997
995
997
999
995
993
995
996
998
999
997
997
1000
1005
1006
1007
999
996
998
994
995
994
988
984
978
976
969
958
943
927
919
905
888
869
842
816
806
804
814
820
829
842
864
884
894
902
909
918
928
940
950
957
963
970
986
998
1009
1013
1015
1016
1020
1021
1022
1024
1024
1022
1024
1027
1030
1028
1025
1024
1029
1031
1032
1034
1033
1033
1034
1037
1037
1039
1036
1037
1040
1039
1043
1042
1040
1041
1043
1045
1049
1045
1047
1049
1051
1054
1055
1056
1055
1055
1057
1061
1061
1058
1055
1057
1059
1063
1065
1067
1064
1064
1065
1072
1074
1074
1073
1075
1075
1077
1080
1081
1079
1078
1080
1081
1084
1081
1082
1081
1086
1088
1090
1090
1086
1087
1086
1089
1093
1090
1087
1088
1090
1091
1092
1091
1090
1089
1088
1092
1094
1092
1090
1091
1093
1093
1090
1093
1090
1091
1092
1094
1095
1093
1093
1092
1094
1096
1096
1094
1094
1096
1096
1099
1102
1099
1098
1097
1101
1104
1106
1107
1102
1102
1107
1108
1111
1109
1108
1112
1115
1117
1119
1118
1116
1116
1118
1122
1123
1122
1121
1119
1122
1125
1124
1122
1119
1119
1121
1123
1121
1119
1117
1115
1117
1116
1116
1113
1110
1105
1104
1106
1105
1101
1097
1095
1095
1096
1096
1096
1092
1090
1088
1089
1087
1082
1082
1078
1079
1080
1079
1077
1076
1072
1073
1072
1073
1073
1070
1071
1074
1074
1074
1071
1073
1077
1084
1086
1082
1077
1072
1070
1070
1066
1062
1053
1038
1022
999
975
956
940
930
923
917
917
915
916
914
909
904
898
894
892
893
897
902
906
907
908
907
908
913
918
918
916
918
919
917
920
923
922
919
921
923
930
929
931
931
929
934
939
939
936
934
931
939
941
943
941
937
938
940
943
945
943
942
940
943
947
947
948
945
943
946
948
952
952
951
948
954
956
955
954
955
954
956
958
957
958
958
959
961
961
964
965
962
962
965
970
968
968
964
965
969
970
972
970
971
970
967
971
975
976
978
979
982
985
984
982
978
978
978
981
982
978
973
969
967
963
961
958
957
951
954
952
950
942
938
937
932
927
918
908
897
893
889
891
895
901
908
914
923
932
935
940
942
948
962
976
989
996
998
1005
1016
1023
1022
1016
1004
993
983
977
975
970
964
967
967
970
972
970
966
967
972
978
984
985
982
986
991
995
996
996
995
1000
1000
1007
1010
1010
1009
1009
1012
1013
1015
1018
1019
1017
1015
1019
1021
1021
1021
1020
1024
1029
1030
1028
1025
1028
1030
1032
1033
1032
1033
1035
1037
1039
1040
1040
1038
1039
1042
1045
1046
1046
1045
1048
1048
1054
1055
1052
1048
1045
1044
1041
1032
1024
1014
1007
1003
1000
993
984
976
967
961
954
946
934
925
916
909
902
890
878
860
843
833
825
820
810
808
809
812
816
821
831
838
847
859
875
883
892
900
913
924
931
935
935
937
934
939
947
955
960
966
971
976
986
993
993
998
997
1000
1003
1006
1005
1006
1008
1014
1017
1019
1020
1021
1025
1031
1038
1041
1043
1041
1042
1047
1050
1050
1048
1047
1049
1053
1057
1061
1057
1059
1060
1063
1068
1069
1069
1071
1071
1075
1080
1082
1082
1081
1082
1084
1088
1094
1094
1093
1094
1095
1097
1100
1100
1096
1100
1103
1105
1104
1099
1094
1088
1084
1079
1072
1060
1049
1038
1026
1019
1007
991
980
970
968
962
953
938
930
924
919
915
906
895
887
880
874
870
862
851
843
838
836
836
836
835
838
839
846
855
859
861
863
871
877
886
892
893
893
895
900
907
913
919
924
932
944
955
963
969
976
981
989
999
1006
1009
1012
1019
1025
1031
1036
1036
1037
1040
1046
1052
1054
1057
1061
1061
1066
1069
1075
1074
1075
1076
1078
1084
1086
1087
1087
1087
1091
1094
1094
1093
1093
1093
1095
1097
1099
1096
1095
1097
1101
1104
1104
1106
1106
1106
1109
1114
1119
1118
1122
1122
1131
1136
1140
1139
1141
1143
1143
1143
1136
1130
1120
1107
1099
1093
1083
1066
1054
1037
1021
1006
992
978
968
960
946
935
922
909
901
893
888
888
878
871
865
859
862
864
867
867
865
867
871
874
873
873
874
879
886
894
895
900
902
908
916
920
918
913
910
912
918
925
928
930
933
935
943
951
952
953
955
954
959
962
965
964
962
967
970
977
978
980
981
984
988
993
996
996
999
997
1000
1006
1009
1009
1015
1018
1025
1031
1035
1038
1042
1045
1051
1057
1061
1062
1059
1064
1065
1071
1072
1070
1068
1069
1071
1075
1079
1081
1081
1085
1088
1096
1097
1099
1101
1104
1108
1111
1108
1106
1109
1107
1114
1119
1125
1126
1130
1131
1135
1142
1144
1141
1131
1126
1115
1116
1106
1091
1067
1043
1027
1013
999
983
965
950
943
938
934
928
921
913
907
904
896
893
897
898
897
898
897
899
900
899
903
905
909
910
913
918
927
934
940
944
948
946
946
948
944
937
930
923
925
929
931
930
929
927
932
938
937
936
935
935
939
941
942
941
941
942
946
948
948
944
941
944
944
948
948
946
944
944
947
950
951
951
947
950
953
958
955
955
955
957
961
964
961
960
958
960
965
967
967
969
968
967
970
973
969
968
965
966
968
974
975
976
977
982
986
994
995
995
996
997
997
1003
1009
1016
1026
1034
1045
1056
1063
1065
1058
1041
1029
1027
1026
1023
1016
1016
1018
1019
1015
1007
997
992
985
984
980
977
972
964
959
961
964
967
974
981
990
1000
1004
1010
1015
1019
1027
1033
1034
1034
1028
1019
1009
1004
996
991
987
990
994
997
995
996
993
995
1000
1002
1006
1004
1006
1007
1009
1011
1011
1010
1007
1009
1011
1011
1011
1011
1009
1009
1010
1014
1017
1018
1016
1016
1021
1025
1026
1027
1024
1026
1029
1033
1033
1033
1035
1033
1035
1037
1038
1033
1033
1034
1038
1041
1041
1040
1038
1039
1042
1047
1044
1044
1041
1040
1039
1042
1041
1038
1036
1033
1032
1031
1028
1026
1023
1019
1017
1016
1012
1009
1000
996
999
1000
994
980
962
949
940
935
930
923
914
904
895
887
876
866
850
840
835
837
836
840
844
854
859
864
872
881
885
893
899
906
912
921
930
932
938
944
957
969
987
1003
1020
1033
1043
1048
1052
1056
1056
1053
1052
1047
1048
1051
1053
1058
1060
1059
1055
1056
1061
1066
1067
1063
1060
1059
1063
1065
1067
1064
1061
1062
1064
1067
1066
1063
1060
1064
1066
1069
1069
1068
1067
1067
1073
1077
1078
1074
1075
1077
1079
1082
1080
1076
1078
1079
1082
1086
1083
1080
1078
1079
1081
1090
1089
1084
1077
1074
1079
1084
1080
1078
1072
1068
1066
1067
1066
1062
1059
1056
1054
1054
1048
1042
1038
1033
1031
1026
1027
1025
1022
1016
1012
1012
1006
1000
992
984
975
972
970
966
964
964
963
963
957
946
933
920
908
896
888
890
887
886
888
888
889
886
884
888
892
886
875
872
873
882
887
891
894
897
903
917
932
942
947
954
962
976
999
1021
1035
1041
1043
1046
1051
1058
1063
1064
1062
1065
1068
1076
1080
1081
1082
1084
1090
1093
1092
1089
1084
1086
1090
1097
1096
1096
1093
1099
1105
1109
1109
1107
1105
1104
1107
1112
1108
1108
1110
1110
1110
1115
1117
1116
1117
1116
1116
1115
1112
1106
1102
1100
1099
1101
1097
1096
1096
1097
1096
1098
1090
1080
1074
1073
1076
1074
1067
1063
1061
1068
1071
1069
1056
1045
1038
1027
1020
1013
1009
1006
999
995
993
991
989
979
971
961
948
936
924
918
915
917
920
921
917
913
908
910
910
907
900
891
885
877
872
870
867
862
859
857
860
864
867
868
870
874
884
893
899
901
903
910
919
933
943
952
959
968
974
983
988
995
1010
1025
1039
1051
1060
1066
1070
1084
1095
1109
1112
1115
1118
1124
1127
1132
1133
1134
1136
1140
1144
1149
1149
1146
1144
1148
1151
1151
1150
1148
1146
1146
1147
1143
1139
1133
1130
1129
1130
1132
1132
1127
1122
1118
1118
1119
1115
1111
1105
1100
1101
1100
1100
1098
1099
1100
1108
1115
1113
1100
1084
1070
1061
1060
1049
1044
1039
1036
1029
1026
1017
1011
1000
987
975
966
959
955
952
952
950
945
937
928
920
915
912
912
907
904
895
891
889
892
892
891
894
895
897
900
899
897
894
896
896
894
892
892
896
897
899
905
906
907
908
916
922
932
937
943
952
959
970
985
993
1005
1012
1021
1034
1046
1059
1069
1080
1091
1098
1107
1112
1116
1120
1122
1128
1135
1138
1142
1143
1146
1147
1148
1145
1142
1137
1136
1135
1134
1128
1122
1113
1111
1112
1111
1111
1105
1102
1098
1096
1095
1089
1083
1078
1075
1072
1073
1072
1072
1076
1079
1087
1093
1094
1087
1079
1070
1067
1060
1051
1045
1038
1032
1031
1036
1039
1035
1033
1030
1031
1024
1014
997
983
969
963
960
959
956
949
941
932
926
922
917
914
913
915
915
913
913
913
913
910
901
893
880
876
879
883
884
884
882
881
885
889
892
892
895
896
900
911
923
930
938
951
959
970
979
989
993
998
1003
1017
1027
1035
1044
1051
1060
1071
1078
1088
1090
1095
1101
1110
1117
1120
1120
1120
1120
1125
1128
1129
1127
1123
1122
1118
1116
1109
1101
1098
1095
1095
1099
1098
1092
1090
1087
1080
1079
1071
1062
1058
1058
1057
1060
1061
1064
1069
1076
1077
1068
1054
1045
1038
1034
1030
1026
1024
1020
1016
1018
1021
1023
1024
1019
1009
1000
989
982
973
967
966
967
965
959
952
944
936
933
931
930
930
929
924
924
921
915
904
895
887
887
885
886
882
881
880
883
885
891
895
896
901
911
920
927
934
938
945
952
966
975
982
983
988
994
1004
1013
1019
1023
1026
1031
1039
1046
1053
1057
1061
1068
1077
1083
1090
1095
1098
1104
1109
1115
1116
1121
1122
1126
1129
1131
1132
1131
1126
1124
1122
1118
1113
1108
1103
1098
1099
1096
1092
1087
1081
1074
1072
1068
1061
1055
1049
1052
1052
1055
1056
1058
1061
1063
1058
1051
1041
1034
1029
1029
1028
1028
1024
1015
1015
1014
1014
1009
1002
995
985
978
977
979
981
981
978
972
971
972
966
957
946
933
919
908
900
894
887
886
887
885
881
876
874
874
879
888
892
893
896
903
906
915
920
927
932
938
949
957
959
967
973
983
998
1010
1017
1019
1026
1034
1042
1049
1054
1053
1053
1057
1067
1071
1076
1079
1083
1087
1093
1099
1104
1103
1108
1109
1115
1117
1118
1118
1114
1117
1120
1121
1119
1114
1112
1112
1114
1113
1110
1110
1107
1103
1101
1096
1091
1082
1079
1072
1070
1063
1062
1056
1055
1056
1058
1065
1071
1071
1064
1060
1054
1053
1048
1045
1041
1039
1035
1039
1038
1036
1032
1030
1022
1014
1005
992
978
966
953
941
929
917
905
893
879
864
856
853
853
852
857
866
869
874
876
886
895
902
909
918
924
926
928
934
941
946
954
962
970
980
986
991
994
997
1005
1013
1019
1027
1034
1043
1049
1054
1059
1061
1063
1069
1075
1084
1088
1088
1089
1091
1098
1103
1104
1105
1107
1112
1114
1115
1113
1110
1107
1107
1109
1109
1107
1105
1108
1107
1107
1109
1106
1102
1098
1095
1097
1096
1095
1088
1083
1081
1077
1073
1069
1068
1071
1075
1077
1081
1081
1074
1068
1059
1048
1041
1034
1028
1024
1025
1023
1019
1019
1016
1018
1014
1000
981
957
941
928
921
911
902
892
886
877
866
863
858
851
846
842
844
845
852
858
863
872
882
893
899
904
908
918
929
941
946
953
954
960
966
972
978
986
991
995
1001
1007
1016
1020
1024
1030
1043
1056
1064
1070
1075
1081
1088
1095
1099
1099
1097
1098
1103
1113
1117
1118
1117
1118
1119
1124
1124
1125
1124
1120
1120
1119
1120
1117
1115
1118
1117
1116
1115
1113
1109
1105
1099
1099
1100
1093
1088
1086
1085
1082
1078
1072
1071
1071
1080
1084
1086
1080
1067
1049
1035
1028
1024
1013
1008
996
986
978
975
972
965
956
946
934
923
909
895
887
884
881
879
873
862
861
854
853
856
856
856
858
866
875
885
890
897
906
912
923
930
935
936
940
946
954
960
964
968
969
980
988
994
1002
1006
1012
1016
1024
1029
1035
1042
1051
1061
1072
1077
1082
1087
1090
1095
1100
1104
1107
1109
1108
1115
1122
1125
1126
1124
1123
1126
1131
1133
1133
1131
1131
1134
1137
1141
1141
1143
1144
1146
1151
1150
1150
1149
1148
1147
1149
1152
1152
1148
1150
1148
1151
1146
1143
1133
1123
1114
1101
1083
1062
1040
1020
1002
990
973
957
946
938
932
915
893
868
846
824
804
789
779
775
778
777
777
784
792
801
807
817
832
847
858
865
869
875
883
895
906
920
927
936
945
954
962
967
970
977
985
992
995
1000
1003
1005
1012
1018
1025
1029
1030
1033
1040
1048
1057
1062
1065
1066
1071
1079
1082
1084
1086
1088
1089
1096
1099
1101
1101
1100
1105
1107
1110
1111
1110
1110
1113
1115
1117
1116
1116
1117
1120
1122
1125
1128
1127
1129
1132
1138
1141
1140
1141
1139
1141
1143
1147
1147
1144
1146
1149
1152
1151
1148
1140
1135
1128
1120
1109
1090
1076
1061
1049
1030
1010
992
973
961
944
927
910
901
889
878
873
871
869
862
854
849
842
838
828
820
816
816
826
834
837
833
829
827
830
833
835
842
844
846
849
855
862
870
878
885
896
909
921
928
936
940
950
962
968
977
984
992
1001
1010
1019
1029
1034
1040
1049
1057
1067
1070
1072
1075
1078
1084
1085
1087
1087
1088
1091
1097
1096
1100
1098
1102
1105
1109
1114
1113
1113
1114
1114
1117
1120
1119
1118
1116
1117
1120
1122
1124
1120
1121
1124
1128
1131
1129
1130
1130
1133
1136
1142
1139
1141
1140
1139
1145
1145
1142
1138
1132
1130
1125
1112
1100
1085
1067
1051
1035
1015
991
970
953
935
920
911
896
887
881
880
875
869
864
860
862
868
874
876
876
872
870
867
867
864
860
849
845
845
850
853
857
859
862
865
872
877
883
893
901
911
921
929
933
937
944
952
958
964
968
968
972
979
989
996
1002
1009
1018
1028
1037
1043
1054
1055
1060
1065
1073
1080
1084
1087
1091
1095
1100
1102
1102
1104
1104
1108
1112
1114
1119
1121
1121
1122
1126
1128
1129
1128
1128
1134
1136
1139
1138
1137
1138
1143
1150
1153
1153
1151
1155
1156
1164
1168
1165
1164
1166
1165
1171
1173
1170
1166
1165
1165
1166
1163
1160
1157
1157
1157
1158
1160
1159
1158
1159
1162
1166
1173
1182
1187
1188
1191
1192
1191
1186
1183
1177
1179
1175
1173
1172
1171
1169
1168
1166
1160
1151
1141
1127
1114
1101
1092
1087
1080
1072
1061
1051
1039
1025
1007
992
982
978
973
964
951
934
917
896
880
865
856
855
851
848
844
842
843
841
843
843
835
824
806
793
787
786
786
786
784
784
788
797
802
805
806
810
819
826
829
833
841
847
860
873
887
897
905
912
924
935
943
946
945
950
956
962
966
967
966
965
970
975
978
979
981
983
985
994
998
1000
996
1003
1011
1016
1022
1026
1029
1037
1044
1049
1055
1059
1064
1078
1088
1096
1098
1102
1105
1106
1106
1109
1113
1113
1108
1105
1101
1101
1099
1094
1090
1087
1090
1094
1093
1086
1079
1076
1074
1070
1071
1063
1058
1046
1044
1046
1045
1043
1038
1033
1029
1022
1018
1011
1002
998
994
992
986
977
969
965
963
959
956
947
937
930
925
925
923
921
916
915
914
912
909
905
903
905
906
910
913
911
911
913
919
923
925
927
926
928
929
931
932
928
925
925
923
921
917
910
904
899
898
895
892
887
883
880
877
877
875
872
870
868
877
886
887
886
885
886
902
911
924
932
938
952
971
992
1012
1031
1042
1054
1064
1073
1082
1089
1093
1093
1093
1101
1100
1100
1095
1093
1097
1097
1099
1094
1087
1084
1082
1082
1075
1076
1074
1072
1075
1071
1070
1063
1057
1052
1051
1050
1047
1044
1040
1039
1039
1036
1036
1030
1024
1019
1019
1016
1013
1004
996
993
990
988
983
981
975
976
976
977
972
965
956
947
944
943
945
947
950
948
952
957
960
962
963
962
965
964
963
957
953
954
957
962
960
957
957
953
948
942
936
929
919
912
909
908
905
898
893
889
889
890
884
877
878
879
884
892
900
905
908
913
922
933
941
948
955
966
983
1000
1021
1038
1050
1064
1078
1094
1107
1112
1115
1120
1127
1134
1138
1139
1139
1138
1140
1137
1135
1130
1123
1120
1116
1109
1099
1090
1082
1079
1078
1073
1068
1060
1051
1045
1042
1035
1028
1022
1014
1011
1009
1005
1001
995
985
981
978
981
980
978
972
969
965
963
956
951
943
944
947
947
944
943
939
937
940
945
947
949
947
948
952
953
959
957
957
959
958
960
959
960
962
964
965
966
962
962
959
955
953
950
943
939
932
930
929
928
929
923
917
913
911
906
903
899
897
900
904
913
918
921
923
932
942
949
956
963
966
970
978
990
995
1004
1004
1013
1025
1038
1050
1063
1077
1092
1106
1122
1131
1140
1144
1149
1157
1160
1163
1167
1163
1163
1165
1169
1166
1163
1159
1156
1156
1152
1147
1141
1129
1123
1119
1113
1105
1099
1088
1077
1068
1058
1051
1041
1025
1012
1000
987
978
969
960
952
944
943
943
940
936
936
941
947
951
951
950
949
949
950
951
949
948
941
942
940
939
935
930
929
928
930
929
926
921
918
913
908
905
895
888
884
881
885
881
875
870
866
866
867
870
873
876
880
886
890
893
896
898
900
906
915
918
923
929
932
937
945
948
953
956
961
968
975
979
983
987
994
999
1006
1013
1018
1024
1031
1039
1045
1051
1054
1058
1063
1069
1079
1090
1103
1118
1133
1147
1157
1162
1165
1170
1174
1178
1181
1182
1178
1174
1172
1168
1165
1162
1155
1149
1141
1132
1127
1119
1113
1106
1098
1094
1085
1078
1066
1055
1047
1039
1031
1022
1009
1004
995
991
987
976
968
960
953
952
956
958
958
955
955
960
960
951
944
930
920
911
904
897
885
882
878
878
878
875
869
864
861
858
857
857
852
851
852
856
860
867
870
875
883
892
900
910
917
921
928
934
943
949
952
954
957
962
971
975
977
979
982
987
992
996
998
1000
1005
1013
1019
1023
1025
1027
1031
1037
1040
1044
1046
1051
1055
1061
1065
1067
1065
1068
1072
1079
1089
1101
1115
1131
1143
1153
1160
1166
1167
1168
1175
1179
1180
1178
1176
1170
1168
1166
1163
1158
1152
1141
1133
1129
1123
1114
1104
1097
1090
1087
1080
1068
1060
1054
1045
1041
1032
1022
1014
1006
999
995
997
992
984
976
969
972
976
975
979
975
969
967
962
955
944
931
920
913
906
900
891
885
877
871
866
860
850
844
842
841
841
841
842
843
846
855
863
869
873
878
886
896
906
914
918
922
927
935
939
947
950
956
961
971
976
979
980
978
979
982
987
990
989
991
995
1001
1004
1008
1009
1011
1012
1018
1023
1026
1026
1025
1026
1027
1033
1039
1039
1041
1041
1048
1050
1055
1052
1051
1052
1052
1053
1054
1053
1054
1053
1056
1062
1062
1062
1058
1059
1065
1071
1075
1075
1076
1080
1083
1091
1096
1103
1106
1112
1125
1139
1153
1170
1187
1198
1213
1230
1239
1244
1249
1250
1254
1255
1250
1245
1236
1229
1228
1227
1220
1210
1199
1191
1183
1171
1160
1147
1134
1124
1116
1106
1096
1087
1077
1065
1056
1050
1042
1030
1021
1007
993
981
970
959
948
944
940
938
937
925
916
907
906
907
903
892
889
884
881
875
867
863
867
873
881
884
889
888
890
894
898
904
907
909
911
912
916
921
923
921
920
919
923
928
929
928
929
924
926
930
932
932
934
934
934
939
942
945
943
944
945
950
951
947
947
949
950
953
954
954
955
955
957
962
963
961
961
960
965
968
971
966
967
969
973
975
975
973
973
975
975
979
981
982
980
979
987
988
990
991
989
987
989
994
994
999
996
999
1002
1008
1008
1007
1010
1017
1023
1035
1040
1042
1052
1062
1074
1085
1094
1102
1113
1117
1132
1150
1162
1179
1184
1193
1200
1204
1206
1211
1226
1238
1251
1258
1253
1238
1224
1206
1185
1158
1129
1100
1067
1032
1005
985
965
953
938
927
928
932
933
938
940
938
939
944
944
941
938
938
941
944
944
940
942
940
941
942
943
943
940
937
942
944
943
941
943
941
945
947
949
946
944
947
950
952
953
957
955
955
959
961
963
962
964
967
969
967
970
971
970
970
972
971
978
980
980
981
983
983
986
988
987
987
988
990
994
993
990
988
991
995
995
993
991
992
995
998
1000
997
994
994
998
1001
997
991
991
990
991
991
994
993
987
986
988
993
992
990
989
990
990
992
987
980
979
984
989
992
992
989
989
988
991
994
994
988
990
992
995
998
997
992
992
990
990
991
996
989
985
986
986
990
994
993
991
989
991
995
994
990
990
988
992
994
992
991
990
987
990
993
989
989
989
990
988
991
990
989
989
990
990
991
993
992
988
988
990
991
991
989
986
989
991
994
994
994
992
990
996
999
998
995
992
991
992
993
993
991
989
987
990
994
994
996
995
994
997
999
998
994
994
996
997
998
997
996
994
995
995
998
996
994
993
995
996
999
997
997
992
992
996
998
998
997
994
993
995
997
997
994
994
993
996
1000
1001
999
997
994
1001
1003
1001
999
997
998
997
1000
1001
998
993
995
997
998
1002
1000
999
997
999
1004
1004
999
997
997
1001
1003
1002
1001
997
997
998
1002
1001
998
998
996
1000
1001
1002
1000
1000
999
1003
1004
1002
1001
998
998
1001
1003
1002
1000
998
997
1000
1003
1002
1002
1001
1003
1004
1006
1005
1002
1001
1001
1003
1006
1005
1003
1001
1000
1001
1005
1005
1004
1003
1003
1007
1009
1009
1007
1002
1003
1002
1004
1007
1005
1002
1000
1002
1006
1006
1003
1001
1002
1003
1006
1007
1006
1004
1003
1006
1009
1007
1004
1004
1005
1005
1007
1006
1007
1003
1000
1004
1006
1009
1004
1003
1003
1006
1008
1008
1006
1004
1006
1006
1011
1009
1006
1003
1002
1007
1007
1007
1004
1003
1005
1006
1010
1008
1008
1004
1003
1006
1008
1008
1006
1005
1005
1004
1007
1008
1004
1003
1003
1007
1006
1009
1008
1006
1004
1008
1011
1011
1010
1006
1005
1009
1011
1008
1006
1005
1004
1007
1009
1008
1006
1007
1005
1006
1009
1010
1008
1007
1009
1009
1010
1011
1009
1007
1005
1007
1008
1007
1004
1004
1004
1006
1007
1009
1008
1005
1005
1006
1011
1010
1008
1006
1004
1008
1010
1006
1004
1004
1005
1008
1008
1009
1007
1006
1008
1009
1012
1011
1008
1003
1007
1009
1011
1011
1007
1006
1005
1007
1009
1011
1006
1005
1005
1007
1008
1008
1007
1005
1006
1006
1010
1010
1008
1006
1007
1008
1007
1007
1005
1001
1002
1001
1009
1008
1005
1004
1005
1006
1007
1010
1007
1005
1006
1009
1011
1014
1009
1010
1011
1012
1014
1017
1014
1012
1011
1012
1015
1013
1010
1008
1008
1011
1011
1014
1009
1009
1009
1011
1012
1013
1010
1008
1009
1010
1012
1010
1004
1000
997
999
1002
1002
1002
1009
1027
1048
1071
1085
1094
1097
1099
1110
1122
1138
1153
1160
1153
1136
1112
1085
1055
1031
1008
990
979
971
962
957
962
969
972
972
966
969
974
982
992
996
1007
1011
1010
1014
1012
1009
1004
1002
1001
1005
1007
1004
1000
998
997
1000
1001
1005
1002
1001
1003
1006
1008
1008
1006
1003
1004
1008
1012
1011
1009
1010
1010
1010
1010
1012
1011
1010
1013
1014
1016
1020
1019
1019
1018
1019
1023
1021
1021
1017
1019
1023
1027
1027
1029
1027
1029
1031
1032
1029
1034
1032
1035
1039
1041
1042
1042
1040
1041
1040
1046
1046
1046
1045
1044
1047
1052
1055
1053
1051
1050
1058
1060
1061
1061
1062
1063
1063
1066
1064
1064
1065
1065
1067
1069
1072
1070
1069
1071
1071
1072
1077
1076
1075
1077
1076
1075
1077
1076
1075
1076
1079
1079
1074
1073
1073
1075
1080
1083
1083
1081
1076
1077
1078
1081
1080
1076
1076
1079
1077
1077
1075
1071
1066
1067
1068
1069
1064
1060
1055
1054
1054
1054
1043
1039
1033
1029
1030
1027
1021
1019
1015
1015
1014
1011
1013
1015
1013
1010
1007
1004
1005
1003
999
995
996
997
995
989
988
989
991
995
992
990
987
987
987
989
989
983
983
983
985
982
981
974
974
975
980
979
978
972
970
972
973
975
973
974
970
970
973
972
969
963
960
960
962
963
957
945
927
915
907
897
883
870
858
849
845
843
835
834
837
850
864
877
887
892
898
908
919
931
943
951
961
971
985
997
1011
1020
1024
1030
1037
1047
1055
1058
1057
1065
1069
1071
1072
1071
1070
1069
1068
1070
1069
1067
1063
1064
1067
1069
1069
1066
1066
1063
1067
1071
1071
1066
1065
1065
1072
1071
1071
1069
1070
1071
1073
1073
1074
1071
1071
1071
1078
1079
1080
1077
1077
1078
1081
1083
1082
1080
1079
1083
1085
1087
1086
1083
1084
1085
1087
1090
1090
1085
1084
1084
1085
1084
1087
1086
1086
1086
1087
1087
1089
1084
1085
1086
1087
1086
1088
1085
1082
1081
1081
1082
1080
1078
1076
1077
1078
1079
1073
1069
1067
1067
1066
1069
1066
1061
1058
1058
1057
1053
1050
1046
1043
1037
1039
1038
1038
1032
1028
1025
1027
1025
1024
1020
1015
1016
1015
1013
1011
1003
1000
1000
997
996
994
990
987
988
986
987
986
980
979
979
979
981
977
975
974
971
974
974
972
968
968
964
968
968
969
966
967
963
964
967
968
964
963
964
967
965
963
961
957
957
958
961
962
960
957
958
960
962
961
960
955
958
960
961
958
957
955
955
956
956
956
955
953
955
958
960
959
957
956
954
957
958
956
957
956
954
956
958
956
952
950
954
955
954
955
954
953
953
956
959
959
954
952
955
956
955
957
952
950
951
951
955
952
948
948
949
953
955
955
952
948
953
955
957
955
953
950
952
953
953
952
948
951
948
953
954
954
952
952
952
952
955
955
950
951
951
954
952
951
951
947
947
949
950
949
946
947
950
953
953
952
949
950
947
947
952
951
950
946
949
949
951
951
946
947
947
951
953
953
949
948
947
953
955
955
953
947
950
949
951
950
949
946
945
951
953
952
947
949
950
951
952
953
951
948
946
950
953
950
948
944
946
950
951
949
946
946
946
950
954
951
948
944
948
949
950
950
948
943
946
947
947
947
944
943
942
946
948
946
944
941
946
948
948
947
944
944
945
946
947
945
942
941
941
942
944
943
940
941
942
944
946
947
941
938
941
943
943
940
939
938
940
943
945
943
940
939
942
945
947
947
944
945
944
947
950
949
948
945
946
950
950
948
946
941
942
940
941
940
940
937
938
942
942
944
942
941
942
943
945
942
940
939
940
942
944
942
939
938
937
939
942
940
938
939
942
944
945
944
942
941
943
946
947
946
942
941
943
943
944
939
940
938
940
939
945
949
945
942
944
943
937
932
928
928
935
942
949
963
976
992
1012
1027
1036
1042
1048
1061
1081
1098
1108
1106
1099
1086
1072
1060
1045
1023
1000
972
953
946
943
935
929
923
923
921
925
929
933
934
944
951
958
963
964
961
957
954
949
945
939
935
933
934
934
935
933
932
934
937
938
938
935
935
936
938
941
939
940
937
938
941
943
940
937
938
938
942
946
945
944
939
944
947
949
951
950
950
952
956
956
958
958
957
960
963
965
963
963
963
967
969
971
972
975
976
979
983
985
981
983
984
988
991
993
992
992
989
994
1000
1004
1003
1004
1004
1009
1012
1014
1015
1012
1013
1017
1022
1022
1024
1022
1021
1020
1022
1025
1029
1026
1025
1028
1031
1031
1035
1036
1035
1031
1033
1035
1035
1035
1036
1038
1041
1039
1035
1034
1035
1038
1038
1038
1036
1040
1039
1041
1045
1046
1047
1044
1045
1049
1049
1053
1054
1051
1050
1052
1056
1057
1053
1051
1050
1054
1060
1061
1063
1061
1059
1064
1069
1070
1070
1067
1064
1066
1068
1070
1069
1068
1065
1067
1072
1072
1072
1075
1073
1078
1081
1083
1081
1078
1079
1080
1084
1085
1083
1082
1080
1084
1084
1087
1083
1078
1076
1079
1082
1081
1082
1079
1076
1071
1067
1064
1060
1053
1049
1047
1040
1034
1025
1019
1015
1011
999
986
970
947
931
915
902
882
856
829
808
793
775
761
745
731
724
716
707
698
687
679
673
671
668
665
663
663
664
670
679
689
696
703
709
730
745
757
766
776
792
807
823
838
849
863
875
888
899
910
922
927
930
938
945
952
957
964
968
972
978
980
982
984
988
994
999
1006
1009
1012
1014
1019
1023
1029
1029
1028
1030
1033
1036
1040
1040
1036
1034
1040
1046
1049
1051
1051
1053
1057
1063
1067
1066
1063
1065
1069
1072
1075
1071
1070
1074
1076
1077
1078
1077
1075
1075
1075
1081
1079
1078
1074
1073
1074
1075
1074
1069
1063
1061
1064
1063
1063
1058
1052
1048
1039
1033
1028
1017
1006
995
989
981
975
962
950
941
932
919
905
889
876
866
858
847
828
806
784
768
763
760
756
751
749
742
743
741
740
736
730
727
726
729
735
740
748
757
767
779
793
804
816
833
849
867
876
886
895
906
916
928
938
943
952
958
965
974
980
983
984
988
999
1009
1015
1018
1023
1027
1030
1037
1041
1044
1044
1047
1054
1057
1062
1064
1064
1064
1069
1076
1078
1080
1077
1079
1085
1086
1088
1085
1083
1080
1082
1081
1084
1080
1086
1085
1091
1090
1088
1085
1082
1076
1077
1075
1069
1059
1051
1042
1035
1030
1023
1011
1001
992
984
973
958
942
925
912
902
897
890
879
864
855
846
838
835
829
821
811
801
797
790
782
776
769
773
769
767
764
760
756
753
753
755
755
756
762
771
785
795
804
818
833
850
870
887
901
917
933
950
963
975
982
993
1001
1014
1027
1034
1040
1042
1048
1057
1064
1068
1073
1074
1078
1085
1092
1096
1097
1099
1100
1107
1111
1114
1114
1112
1118
1124
1129
1133
1134
1133
1134
1138
1140
1142
1143
1139
1141
1143
1148
1146
1140
1135
1131
1128
1123
1117
1106
1097
1091
1089
1088
1082
1075
1067
1060
1055
1046
1032
1017
1003
983
967
955
944
928
908
894
885
877
871
859
845
836
833
834
833
830
822
819
815
811
804
795
784
778
776
777
777
770
767
765
772
777
779
782
784
790
794
800
805
808
812
821
830
841
847
852
857
862
876
887
895
902
913
924
940
956
971
985
995
1006
1019
1029
1038
1038
1047
1056
1066
1076
1084
1089
1089
1094
1099
1105
1108
1106
1110
1109
1115
1119
1122
1122
1123
1123
1127
1131
1132
1127
1126
1127
1133
1134
1132
1128
1122
1117
1120
1118
1118
1112
1107
1100
1097
1092
1086
1080
1070
1063
1056
1046
1034
1026
1013
999
988
975
958
940
920
909
897
884
877
868
859
847
837
827
821
817
818
817
821
824
828
822
818
811
806
802
794
784
782
782
791
799
807
812
815
820
829
838
843
847
847
852
861
870
874
873
876
880
888
897
906
909
916
925
933
946
957
964
969
975
987
996
1007
1013
1020
1028
1038
1047
1055
1062
1067
1077
1090
1104
1116
1126
1132
1135
1140
1146
1147
1146
1146
1145
1150
1157
1155
1151
1144
1143
1141
1143
1139
1135
1132
1128
1122
1115
1110
1099
1084
1074
1061
1055
1043
1029
1016
1000
987
978
963
947
928
911
902
899
893
886
870
858
852
850
840
828
812
809
808
812
811
812
815
820
823
824
824
823
821
820
821
821
822
822
827
838
853
859
866
872
877
887
897
903
903
905
910
912
918
925
929
932
930
936
939
944
947
949
955
957
963
967
971
975
980
986
991
997
1002
1003
1006
1012
1023
1029
1039
1043
1047
1054
1063
1070
1077
1081
1082
1089
1092
1103
1113
1121
1131
1140
1151
1160
1168
1176
1181
1184
1189
1197
1200
1199
1196
1195
1199
1208
1205
1201
1195
1187
1182
1183
1176
1163
1153
1140
1129
1117
1101
1085
1072
1061
1053
1041
1032
1017
998
982
965
948
932
912
892
877
866
867
861
854
846
840
835
837
842
850
860
869
879
880
874
865
856
855
860
867
869
869
874
874
879
888
893
896
899
901
903
908
910
915
915
919
923
930
932
935
933
937
943
950
952
954
954
954
964
967
970
971
974
977
984
992
998
1004
1008
1013
1023
1032
1041
1048
1051
1055
1062
1068
1076
1081
1088
1095
1102
1109
1114
1116
1119
1122
1126
1133
1133
1137
1139
1145
1153
1162
1165
1169
1170
1170
1171
1175
1172
1167
1162
1152
1145
1136
1126
1112
1094
1082
1074
1064
1047
1023
1006
997
988
981
967
952
937
929
919
908
894
878
868
864
862
866
868
870
870
873
877
880
876
878
884
886
894
896
898
890
885
882
880
883
884
883
883
883
887
895
899
898
898
900
908
914
917
918
920
922
928
932
936
938
940
942
950
956
963
965
970
975
978
986
990
994
993
1001
1008
1017
1021
1026
1029
1037
1044
1049
1053
1057
1057
1063
1071
1079
1079
1080
1084
1085
1092
1097
1101
1107
1110
1116
1119
1126
1124
1123
1121
1117
1119
1113
1102
1097
1088
1077
1066
1050
1033
1013
998
986
980
977
969
958
949
944
940
936
928
919
912
907
908
908
909
902
896
893
898
902
900
898
897
903
913
922
930
938
944
942
942
938
931
920
914
910
911
911
912
911
910
913
919
924
928
929
933
939
944
950
952
952
955
958
963
968
973
976
978
982
988
992
997
998
1001
1004
1010
1015
1017
1022
1020
1028
1035
1040
1044
1046
1048
1050
1055
1058
1061
1065
1067
1065
1072
1078
1079
1085
1083
1086
1089
1089
1090
1080
1074
1069
1066
1059
1050
1037
1027
1023
1015
1005
995
984
974
968
962
958
956
952
947
945
941
943
940
935
928
918
909
903
899
903
901
898
898
901
904
904
903
900
908
916
921
926
927
925
929
928
929
923
918
914
913
914
910
907
905
905
909
913
917
919
922
926
931
936
936
937
937
941
946
952
954
957
961
968
976
984
989
991
996
1000
1003
1010
1009
1004
1003
999
1003
1006
1004
1002
1000
1000
1000
1005
1004
1005
999
1000
1006
1011
1016
1020
1025
1031
1035
1039
1038
1041
1042
1042
1047
1050
1047
1041
1031
1025
1021
1020
1013
1003
993
981
977
971
961
953
952
951
951
952
952
949
948
947
946
938
929
921
917
919
920
921
923
923
923
925
927
931
930
929
926
923
926
931
929
924
916
912
911
913
907
902
900
900
902
904
905
904
904
906
910
917
915
920
923
924
927
931
934
937
942
950
959
966
970
979
983
993
1001
1012
1018
1024
1028
1038
1043
1045
1047
1048
1045
1045
1050
1055
1063
1067
1070
1072
1080
1085
1089
1092
1094
1102
1109
1114
1122
1123
1120
1125
1129
1130
1128
1123
1116
1105
1093
1078
1064
1045
1021
1003
991
986
980
966
957
953
951
951
949
942
940
938
939
937
928
921
911
910
914
918
916
913
915
917
923
927
931
933
932
936
933
931
920
909
901
898
898
898
895
897
894
897
896
901
904
905
905
906
911
914
912
913
913
916
919
923
922
921
920
919
920
924
928
928
927
929
930
932
934
935
934
934
937
942
941
942
938
939
944
947
949
948
949
949
954
955
956
956
956
956
958
959
960
959
956
960
961
967
964
964
961
958
955
954
952
949
940
935
924
912
899
884
874
864
855
848
840
827
817
806
799
796
788
783
780
787
796
808
818
832
851
870
885
901
916
928
942
955
973
992
1008
1013
1012
1018
1033
1042
1043
1045
1047
1051
1051
1049
1051
1059
1071
1079
1092
1102
1105
1103
1103
1106
1111
1116
1119
1126
1130
1131
1128
1127
1130
1133
1132
1129
1131
1146
1156
1155
1149
1141
1140
1144
1152
1158
1155
1144
1141
1139
1141
1140
1136
1135
1139
1148
1145
1143
1135
1130
1131
1134
1133
1132
1131
1125
1131
1133
1134
1133
1130
1131
1130
1133
1133
1130
1129
1133
1132
1128
1116
1104
1099
1101
1097
1090
1080
1063
1048
1033
1023
1011
993
969
951
940
929
911
893
874
861
853
846
833
818
806
801
790
792
798
799
798
796
796
797
802
806
805
808
810
814
816
817
816
816
823
836
846
858
863
870
880
892
904
914
925
933
940
952
963
972
980
986
995
1003
1016
1023
1026
1032
1045
1060
1075
1085
1091
1101
1111
1124
1134
1140
1141
1147
1151
1154
1161
1164
1163
1160
1160
1161
1167
1169
1167
1167
1171
1174
1177
1171
1169
1167
1167
1171
1173
1173
1171
1168
1172
1174
1176
1173
1171
1167
1172
1172
1171
1169
1166
1162
1162
1164
1166
1161
1152
1139
1128
1119
1112
1102
1086
1080
1069
1057
1043
1024
1006
995
986
977
965
953
938
927
917
910
897
882
870
853
846
839
835
827
817
813
813
818
822
830
832
834
833
835
834
834
832
831
833
838
841
848
860
872
881
897
903
913
919
921
928
938
944
948
950
953
961
973
986
996
1007
1015
1032
1045
1057
1068
1074
1080
1094
1105
1119
1127
1134
1138
1146
1153
1161
1164
1169
1173
1179
1184
1191
1195
1194
1195
1198
1204
1207
1206
1205
1206
1207
1215
1219
1219
1213
1212
1218
1219
1221
1220
1221
1220
1223
1225
1229
1228
1228
1228
1229
1231
1231
1233
1231
1231
1232
1233
1234
1233
1232
1227
1227
1228
1229
1226
1225
1223
1220
1222
1223
1222
1220
1215
1213
1212
1210
1207
1201
1196
1193
1195
1193
1192
1188
1186
1183
1182
1175
1176
1172
1166
1164
1162
1161
1158
1150
1147
1143
1142
1138
1133
1130
1125
1121
1122
1121
1118
1113
1110
1111
1108
1108
1106
1102
1097
1094
1092
1093
1086
1083
1082
1084
1088
1082
1063
1031
1002
973
951
926
894
866
840
817
794
