885
885
885
885
885
885
885
885
885
885
884
882
884
884
887
888
890
890
891
891
890
889
888
885
885
885
886
885
883
883
878
875
874
870
871
866
870
868
867
866
864
861
856
852
849
845
843
847
847
850
852
853
851
849
846
842
839
836
836
834
833
831
828
829
827
823
819
816
815
811
808
804
803
800
801
801
797
795
791
791
790
789
796
799
806
809
816
822
824
832
837
840
845
851
856
858
864
871
877
885
888
892
894
893
899
900
901
900
902
903
905
905
906
906
901
900
899
899
901
899
900
902
901
905
904
904
902
904
903
904
903
907
909
912
912
915
913
911
910
911
913
912
913
915
914
915
916
919
918
920
923
920
917
917
919
920
923
926
928
930
930
929
927
925
923
922
922
921
920
921
921
920
918
918
916
915
914
911
911
909
910
912
911
914
913
912
909
906
907
905
901
901
903
905
907
910
909
910
907
906
905
905
907
909
912
912
911
913
913
912
909
907
907
904
903
906
906
907
912
912
915
915
917
918
915
914
913
913
914
913
911
914
912
912
910
909
909
907
908
904
906
905
908
907
907
907
906
905
901
903
906
905
906
909
910
912
912
912
912
911
912
913
913
916
916
920
922
922
923
922
923
923
923
923
920
919
920
919
917
919
916
916
912
907
904
899
896
895
898
909
934
969
1009
1056
1106
1162
1217
1267
1311
1346
1362
1363
1356
1332
1285
1204
1098
989
907
864
852
860
875
889
898
900
896
888
882
878
876
878
878
879
881
882
880
883
882
883
880
880
875
876
873
872
874
872
871
872
869
868
863
863
861
860
862
860
859
862
862
864
867
866
865
864
862
860
858
856
856
854
854
853
851
849
848
846
846
843
842
841
842
840
841
839
836
834
829
825
820
820
817
818
816
813
811
812
807
804
804
800
794
790
789
788
785
786
785
786
785
784
783
783
783
784
791
797
807
811
821
832
838
844
851
855
861
865
869
876
882
885
888
890
891
892
889
887
886
888
889
888
892
892
896
897
899
899
900
898
899
897
896
898
899
902
904
909
908
909
911
911
909
909
909
909
906
906
903
905
905
904
902
902
902
904
905
904
906
908
911
913
915
915
914
913
916
914
915
915
918
918
917
919
919
917
914
913
909
910
910
909
912
915
916
918
919
918
918
917
914
912
912
910
912
912
913
915
915
915
915
914
912
909
908
907
904
902
900
902
898
901
901
900
900
899
898
902
903
904
906
908
911
908
909
908
907
905
904
906
907
907
908
909
910
911
910
906
905
903
905
903
906
907
907
910
911
911
911
910
909
904
902
905
906
909
910
913
913
914
915
914
912
913
914
914
915
914
917
918
914
912
912
909
909
908
907
909
909
909
910
912
912
911
909
911
909
909
908
905
902
896
900
913
933
966
1007
1051
1104
1165
1225
1281
1329
1357
1371
1370
1354
1322
1266
1183
1078
979
905
869
862
870
889
900
909
907
903
900
896
893
892
896
897
897
897
895
893
890
887
882
881
879
880
879
881
880
881
880
881
878
876
873
871
867
864
866
867
865
868
869
869
866
864
864
864
857
858
856
853
854
854
852
850
846
846
844
844
841
841
839
839
840
839
840
838
835
832
829
828
825
824
822
822
818
816
812
806
802
799
799
796
794
790
792
789
790
788
790
793
795
796
798
804
808
815
820
830
836
845
851
857
861
865
865
868
869
874
875
879
880
888
893
894
894
893
891
892
891
891
894
894
899
902
902
904
904
905
902
904
904
905
906
907
907
910
913
915
917
918
917
918
917
918
917
921
921
923
924
924
923
922
920
916
916
915
914
914
914
914
917
916
914
913
911
906
904
905
905
904
904
904
907
906
905
901
900
896
895
893
892
894
896
899
901
905
907
906
908
906
909
909
910
911
910
911
913
914
913
914
913
910
912
912
913
917
917
920
921
920
919
917
918
916
914
913
913
915
915
917
918
918
918
915
914
913
912
909
910
914
911
911
908
908
907
905
899
897
893
895
895
898
901
905
907
909
911
912
911
911
906
903
902
910
926
956
993
1034
1086
1144
1202
1254
1297
1331
1346
1349
1342
1324
1290
1233
1147
1044
955
897
870
871
883
900
911
917
918
913
908
901
899
895
892
891
890
889
888
888
885
884
883
877
872
871
867
863
861
860
863
864
864
864
864
863
862
862
861
863
867
866
868
871
870
872
875
872
872
869
870
869
868
868
870
871
873
869
867
865
864
861
857
857
854
853
852
850
851
848
845
843
840
833
832
828
826
824
824
822
820
818
817
811
807
801
798
797
795
795
796
800
803
804
806
811
811
814
824
830
836
843
848
857
870
874
880
885
887
890
894
895
901
905
910
913
916
917
919
917
916
915
914
913
914
915
917
920
917
918
918
916
915
911
912
912
912
912
913
914
911
911
910
908
907
905
906
905
907
910
912
915
911
911
910
908
908
907
908
908
910
911
912
913
913
913
911
911
909
908
907
903
903
905
906
910
913
914
917
916
915
917
918
918
920
922
925
925
928
926
926
924
923
922
921
921
920
920
922
925
925
923
921
922
921
919
919
919
919
919
920
924
923
924
923
921
919
917
918
919
919
921
924
923
923
922
921
919
916
911
910
908
907
909
907
909
909
906
908
908
908
907
912
910
913
921
923
924
926
929
927
927
926
927
924
923
921
923
925
927
926
929
926
925
924
923
923
922
925
926
927
931
931
932
931
928
925
925
922
921
922
923
925
926
927
926
926
926
923
924
922
921
923
925
924
924
920
913
906
904
914
932
963
1004
1055
1112
1173
1235
1290
1333
1358
1365
1362
1354
1334
1296
1235
1145
1044
959
903
884
884
892
904
912
915
916
913
909
907
907
905
905
905
900
898
896
893
892
888
889
889
888
889
887
888
884
881
879
876
879
876
878
878
878
877
877
875
874
870
870
869
867
861
860
859
860
860
859
859
859
857
857
856
857
856
855
852
849
852
848
849
846
841
840
837
835
833
833
829
827
823
818
815
812
809
806
804
803
799
799
798
798
797
794
792
789
789
790
791
792
799
804
810
815
821
828
838
841
845
848
852
858
864
872
876
884
889
894
896
898
899
903
905
904
911
914
915
919
919
919
919
917
914
913
913
913
913
914
912
914
914
911
911
910
909
908
908
907
909
913
914
917
915
917
916
917
916
917
919
919
920
922
922
923
924
922
920
919
915
916
916
919
923
928
929
931
934
935
935
938
937
933
937
937
938
940
941
941
942
943
943
941
940
938
935
931
927
923
918
927
949
981
1022
1073
1128
1188
1248
1304
1344
1370
1383
1381
1362
1331
1277
1189
1085
984
910
873
860
864
874
886
891
893
893
891
884
881
881
881
883
883
888
890
891
890
889
890
890
887
886
888
888
892
892
895
893
891
888
886
887
887
887
886
886
887
886
885
884
882
881
880
877
874
873
871
871
871
870
870
868
865
861
858
856
850
847
843
840
839
839
836
836
829
830
828
827
825
822
820
819
820
817
818
819
818
817
817
817
816
812
813
811
815
815
819
824
826
830
833
836
841
848
855
862
870
876
878
884
888
888
890
892
893
896
899
901
903
905
905
909
909
907
908
906
905
905
902
903
904
903
907
908
907
905
905
907
906
901
902
901
902
903
905
906
908
908
911
912
912
913
917
918
923
925
923
925
918
919
916
914
913
911
909
911
911
911
913
916
915
916
914
912
911
911
911
911
912
910
911
911
909
910
908
908
903
903
904
904
904
906
907
909
906
907
902
900
900
899
898
898
898
897
895
895
894
892
890
890
891
893
896
899
906
910
912
915
916
915
917
915
917
916
915
916
917
918
920
919
920
919
916
916
914
914
911
912
911
911
908
905
904
902
899
899
898
896
897
899
902
904
905
904
904
903
901
901
897
895
896
896
896
895
897
897
894
892
893
893
897
899
903
906
908
907
908
903
900
902
913
940
976
1020
1075
1134
1199
1262
1314
1352
1371
1376
1365
1344
1308
1244
1152
1045
952
892
870
870
882
892
903
905
902
895
889
885
884
881
882
882
880
876
870
865
862
860
858
859
860
861
863
863
861
865
862
861
860
859
857
858
857
857
858
860
860
860
862
860
861
856
858
855
857
857
857
858
857
855
852
851
848
847
847
844
845
843
842
841
839
834
831
829
825
824
822
818
816
813
811
807
802
798
795
791
787
782
783
782
779
779
782
782
781
781
779
777
778
776
776
779
783
785
791
797
799
805
812
820
824
829
837
845
853
859
868
873
877
880
882
884
886
889
891
894
898
900
905
906
908
906
905
902
902
901
901
901
901
900
904
907
907
908
905
905
904
902
904
906
908
909
912
916
917
917
917
916
916
914
914
915
917
916
920
922
920
920
917
919
916
918
919
918
920
919
920
923
922
920
922
919
915
913
911
912
914
915
914
915
912
910
905
904
899
898
901
899
903
903
900
901
899
904
922
952
992
1040
1098
1159
1223
1284
1334
1364
1373
1369
1352
1315
1250
1154
1043
947
887
862
865
882
897
908
908
905
897
889
885
885
888
889
890
891
889
884
885
881
878
878
875
874
875
871
871
870
869
866
862
859
855
854
853
851
851
853
854
855
854
854
853
852
852
852
854
855
856
859
858
859
858
860
859
856
855
852
848
848
850
850
849
848
848
846
844
841
837
834
831
828
827
825
824
824
821
820
815
811
806
804
799
797
794
796
796
796
797
799
799
800
803
804
810
819
829
833
842
851
856
860
861
864
867
867
875
880
884
889
897
900
901
904
905
902
903
903
903
903
903
904
905
908
907
906
909
905
902
902
900
901
903
903
905
906
907
908
905
901
900
899
900
901
900
903
903
905
903
904
903
902
902
902
903
902
904
903
906
911
910
908
907
904
904
904
903
904
907
908
910
917
917
917
915
914
911
910
907
906
909
911
914
914
913
913
909
908
907
907
907
909
909
909
912
912
910
910
911
908
907
908
909
911
912
914
916
914
915
914
909
908
906
907
912
913
914
914
915
915
914
914
915
915
913
913
912
911
912
913
913
915
916
914
916
916
915
913
911
911
915
911
911
908
911
909
907
905
904
903
905
907
909
911
914
914
914
913
914
911
907
903
898
893
895
907
931
970
1017
1076
1142
1211
1275
1329
1366
1379
1378
1363
1329
1264
1166
1048
946
882
856
856
873
891
900
906
906
903
897
894
894
890
891
890
889
887
887
887
888
887
881
880
879
877
870
873
870
870
871
870
870
867
868
864
863
861
858
856
855
856
856
856
856
857
855
853
851
849
848
847
847
846
845
843
842
841
838
834
827
825
823
819
820
821
819
818
818
817
813
809
806
802
799
794
791
787
786
786
786
786
784
782
781
781
780
782
785
789
792
799
805
811
817
827
833
838
844
851
858
862
868
875
884
887
893
895
898
898
898
900
900
901
903
906
907
908
908
908
907
907
905
901
902
902
905
908
911
915
915
915
914
913
913
913
914
914
915
917
918
921
922
922
921
920
918
918
919
919
921
923
923
926
926
927
924
922
922
924
925
925
928
927
931
931
929
929
928
925
923
924
922
926
924
922
922
922
922
921
920
917
916
914
915
913
914
915
914
915
914
913
911
908
910
908
909
911
910
910
914
915
915
915
914
911
912
911
912
911
914
913
913
912
913
915
916
914
913
913
914
915
914
918
920
923
922
921
920
921
922
920
919
919
918
920
921
923
922
918
915
914
916
917
917
917
918
917
915
915
906
901
896
897
910
937
975
1025
1089
1155
1221
1284
1335
1366
1379
1374
1355
1312
1244
1143
1029
933
875
849
858
872
888
899
901
898
895
889
889
886
889
890
889
886
883
883
878
878
880
880
882
880
879
881
878
878
876
874
871
871
873
872
872
870
870
866
864
860
858
852
851
848
845
846
848
845
847
850
849
846
845
842
839
835
834
833
831
830
832
832
832
833
827
823
819
817
813
810
808
810
808
805
803
801
799
797
792
788
785
783
781
778
775
780
778
779
780
781
786
792
797
805
812
818
824
832
839
842
850
852
857
860
866
868
873
878
882
884
886
888
890
891
891
892
894
896
899
899
902
902
903
902
901
900
901
901
902
900
901
904
907
906
908
909
906
909
907
906
907
907
909
909
911
913
912
915
913
911
910
909
906
904
907
905
906
909
910
912
909
910
908
905
907
905
908
907
908
909
906
906
904
901
899
902
898
899
900
903
903
902
903
903
899
899
899
900
902
904
907
905
910
909
907
910
908
907
904
904
904
904
904
905
906
909
910
910
912
911
910
908
907
907
909
913
911
914
912
914
912
912
907
904
898
898
899
907
927
959
1002
1049
1108
1170
1229
1285
1328
1358
1366
1365
1352
1320
1265
1181
1077
967
889
849
844
850
869
880
886
889
884
878
872
868
867
866
868
869
870
872
873
872
872
873
872
870
870
866
869
866
869
867
868
869
868
865
865
861
860
858
859
856
859
857
855
855
853
852
850
849
846
846
845
842
844
842
844
843
842
840
836
831
829
826
825
822
823
823
823
822
822
817
813
810
804
802
800
799
796
794
794
793
794
793
788
783
781
777
775
777
779
783
786
791
795
797
801
804
810
813
820
821
830
839
843
849
851
853
856
856
857
856
862
864
871
871
875
876
876
879
879
877
877
879
880
884
887
888
892
894
894
897
898
898
897
898
900
897
897
902
906
909
912
913
914
913
914
914
912
915
915
917
919
919
922
919
916
914
910
909
910
909
908
905
906
905
905
902
901
897
895
891
888
891
888
890
887
891
889
887
887
882
883
880
880
883
885
889
892
892
891
891
889
889
888
887
890
894
896
900
902
906
906
907
907
906
907
905
907
908
909
911
915
915
915
913
913
909
907
906
904
904
903
904
903
899
897
893
891
887
884
883
881
879
880
877
877
880
881
883
883
881
882
882
880
881
882
887
890
897
897
898
895
896
896
895
898
897
902
905
908
910
911
911
910
908
901
895
892
899
920
950
991
1041
1094
1154
1215
1271
1318
1351
1370
1374
1365
1348
1325
1278
1201
1096
989
903
854
839
845
856
869
878
881
877
871
866
860
858
854
854
856
857
858
859
861
862
860
857
857
853
852
850
847
850
849
852
854
853
856
854
852
850
849
850
848
849
847
848
849
848
846
844
843
843
842
842
838
837
837
836
835
835
833
831
828
827
824
823
820
819
817
816
819
814
812
808
802
799
791
789
789
786
785
783
781
781
779
775
771
767
761
759
756
756
758
759
760
764
767
769
774
781
783
789
793
798
807
816
824
833
843
847
849
854
856
859
862
866
870
873
877
877
880
881
881
882
883
883
884
885
886
888
889
892
893
893
889
891
891
891
890
891
893
896
899
899
900
902
902
904
902
903
901
904
903
904
904
905
904
905
906
905
904
904
903
904
904
904
905
906
904
904
903
901
901
899
899
901
901
902
905
904
906
903
903
904
900
902
902
903
905
906
912
914
914
915
913
913
910
911
908
905
899
894
890
896
910
938
973
1020
1078
1143
1215
1279
1328
1360
1371
1367
1345
1303
1230
1125
1011
915
862
844
852
875
893
904
904
899
892
881
877
874
873
877
879
880
879
880
878
879
876
878
874
873
871
869
872
872
871
872
865
865
862
860
858
856
856
853
854
856
855
857
856
854
851
850
849
847
843
841
840
839
838
839
838
837
839
834
832
830
826
827
826
826
825
825
825
822
820
816
813
811
810
809
809
810
809
810
808
808
806
804
803
802
801
802
805
808
814
817
821
827
832
837
841
847
853
856
861
866
871
877
884
882
881
883
882
879
879
879
883
888
888
890
889
890
889
889
888
887
885
887
886
887
886
889
890
892
888
888
890
891
892
894
895
899
901
903
901
902
902
900
903
901
901
903
904
905
907
908
911
910
909
908
907
907
907
911
914
914
914
919
917
916
915
912
912
907
906
904
905
906
905
905
905
905
903
903
900
896
895
895
897
897
898
899
899
898
900
897
898
897
897
898
900
901
900
900
905
907
906
903
905
904
899
892
888
889
892
908
935
975
1023
1078
1142
1204
1266
1316
1349
1363
1361
1350
1324
1271
1187
1078
976
904
868
860
872
887
896
904
905
901
892
886
881
882
882
881
879
875
873
870
869
866
864
862
860
856
855
856
854
855
857
857
853
850
847
845
842
840
837
837
837
833
836
836
835
833
831
831
835
834
834
834
835
838
839
839
840
841
838
838
833
832
829
829
830
828
825
825
821
817
812
805
801
798
792
790
787
784
786
782
778
774
771
766
762
762
762
766
770
779
784
791
796
803
809
814
819
826
830
837
842
853
858
863
867
870
869
871
872
874
876
880
883
888
889
891
892
894
895
898
897
897
895
900
900
902
903
905
905
904
901
897
899
897
895
897
897
899
900
904
905
905
903
900
899
895
893
893
895
896
898
901
900
902
899
898
898
899
898
899
900
901
903
904
905
906
904
903
901
902
902
901
899
904
905
901
901
902
903
902
901
899
900
897
897
900
899
903
902
896
898
895
894
891
892
891
890
892
893
896
897
896
895
893
893
892
890
892
890
890
892
893
893
893
896
891
891
892
892
893
895
894
896
898
902
901
901
895
895
897
894
895
898
897
898
901
899
898
896
895
895
893
894
894
894
895
896
897
898
896
896
893
893
893
890
890
892
895
895
896
897
895
893
893
889
889
887
885
885
887
887
889
890
887
888
887
880
880
882
883
881
883
884
886
889
888
888
888
886
887
888
890
890
892
891
893
888
891
889
887
889
888
890
892
894
897
898
896
898
895
891
889
888
888
891
893
894
894
896
897
898
897
896
892
892
886
888
887
887
888
890
893
894
893
891
889
886
883
880
882
882
881
882
881
883
883
884
884
883
881
883
885
884
887
889
891
892
891
891
891
891
894
895
898
899
900
900
900
901
901
899
899
896
895
898
899
900
900
900
902
900
900
903
900
893
889
884
879
880
894
919
954
997
1047
1100
1163
1221
1274
1317
1347
1359
1358
1348
1328
1288
1215
1120
1009
916
857
835
837
851
864
876
877
878
875
873
866
865
866
868
870
872
874
874
870
868
864
863
859
856
852
850
850
850
852
850
851
849
849
847
844
841
839
836
836
836
837
838
837
835
834
833
828
824
821
819
820
820
821
820
822
821
822
823
820
818
817
816
814
813
814
811
814
811
809
807
805
800
797
794
793
793
790
788
787
782
779
777
771
770
763
759
755
756
755
756
753
755
753
753
753
755
757
758
763
767
775
781
791
798
803
812
817
821
825
831
836
843
850
857
859
866
871
874
877
882
881
889
892
895
899
901
902
904
901
900
901
900
899
896
896
893
895
895
893
893
892
891
894
893
890
892
891
893
893
892
896
895
895
897
895
894
893
892
892
892
894
896
898
898
900
897
899
897
895
894
894
894
897
898
899
903
901
896
897
895
894
895
896
896
897
899
902
904
903
901
902
901
897
893
892
890
890
892
893
893
893
894
890
888
891
889
886
889
890
891
892
892
892
892
891
887
887
890
890
888
888
888
888
888
887
886
887
885
884
885
888
890
890
896
896
899
900
901
899
896
897
894
895
895
897
896
895
896
895
893
891
888
884
888
886
884
887
888
889
895
896
895
894
894
892
891
891
890
892
892
894
895
892
891
891
891
892
893
892
888
889
889
889
889
890
892
889
892
891
891
894
897
897
895
898
899
898
899
899
897
895
894
895
898
899
903
903
904
903
900
895
894
893
890
889
890
890
891
891
889
890
889
887
888
886
888
890
891
893
896
899
900
899
902
900
901
899
896
896
897
897
897
897
899
897
897
900
899
901
900
900
900
902
903
907
907
906
905
901
903
901
902
903
903
905
908
906
910
909
909
908
905
902
901
898
900
898
900
900
902
899
898
896
895
894
893
892
894
897
897
896
893
887
883
887
906
934
976
1030
1098
1172
1243
1302
1347
1369
1372
1357
1334
1280
1198
1089
982
905
866
859
867
884
901
906
904
898
891
881
880
878
876
878
881
876
877
869
865
862
857
855
857
857
857
857
860
858
856
856
855
851
849
848
848
849
847
845
846
844
844
845
842
842
843
843
842
845
844
842
842
838
837
834
832
831
829
828
829
832
833
835
834
834
831
827
824
820
813
812
808
808
805
804
805
798
797
790
787
779
775
770
765
765
762
763
758
754
752
750
747
746
745
747
748
753
757
767
773
782
788
795
801
811
820
826
834
841
844
851
855
859
862
865
869
872
879
882
887
887
891
893
893
891
891
891
895
893
891
890
893
892
896
896
897
897
897
893
893
892
892
891
891
891
894
897
898
896
895
894
893
893
892
889
892
894
895
896
895
896
896
894
896
894
894
896
897
900
903
906
910
906
908
905
905
903
904
905
903
903
905
908
908
906
907
906
905
904
901
900
900
901
901
901
903
905
904
903
901
903
900
900
902
903
903
907
907
908
906
904
903
902
902
901
901
902
900
899
898
897
896
893
893
892
892
893
894
897
898
899
901
899
900
899
898
897
896
898
896
897
897
899
899
899
899
896
896
895
894
896
898
898
899
900
900
897
898
900
898
898
896
899
900
902
902
903
905
904
903
903
898
898
902
900
902
903
903
905
899
897
891
885
886
898
920
953
995
1047
1104
1166
1228
1286
1333
1365
1377
1374
1357
1323
1268
1179
1073
970
895
859
853
861
876
888
896
896
891
887
882
879
881
881
880
880
876
874
872
870
867
867
867
866
866
863
863
859
861
857
856
857
857
860
860
861
863
862
860
858
857
854
854
851
851
852
854
855
854
855
857
854
853
852
848
848
849
847
847
845
843
841
841
840
839
838
836
834
835
833
829
827
823
819
816
811
807
803
799
797
793
792
791
787
785
782
777
774
770
768
769
770
771
773
778
785
789
795
800
806
809
816
819
828
834
843
851
856
861
866
867
870
870
870
872
875
876
880
884
887
890
889
894
895
895
893
894
892
893
892
896
897
898
897
897
896
893
892
890
891
891
895
896
898
900
901
899
899
898
898
898
896
897
901
903
903
906
906
906
908
907
906
907
905
902
900
901
900
900
899
898
895
897
897
896
897
899
898
901
903
903
904
902
902
902
899
898
898
900
901
902
902
901
903
900
900
900
898
898
898
897
899
900
902
901
900
901
899
900
897
896
896
896
897
896
901
902
903
901
898
897
898
897
898
896
898
901
901
900
898
893
893
893
894
892
898
901
901
902
903
903
902
903
904
903
906
903
903
903
901
900
903
901
900
902
901
900
898
896
897
897
896
898
901
903
901
901
900
897
896
897
894
897
899
901
903
905
905
904
902
902
899
896
897
897
898
897
897
896
894
897
896
896
896
899
899
902
905
907
908
907
906
901
897
902
920
951
992
1046
1104
1166
1230
1290
1336
1364
1376
1371
1352
1315
1254
1166
1064
967
899
865
857
867
883
892
898
898
893
887
883
884
882
884
884
883
880
878
872
871
870
867
868
868
864
864
861
860
856
856
853
852
855
855
855
857
860
859
858
860
857
853
851
849
846
846
848
850
852
851
850
849
847
845
843
840
840
839
841
840
841
839
836
833
827
826
821
817
818
816
814
812
810
810
805
803
801
794
792
788
786
782
779
774
772
774
771
771
770
770
768
768
771
778
783
788
794
801
807
812
820
825
830
837
841
850
856
860
867
874
879
881
883
882
881
883
884
887
890
890
892
895
895
897
894
892
892
892
891
892
893
895
898
897
898
899
897
895
897
895
895
895
895
899
901
903
905
907
909
910
911
910
912
912
912
912
913
915
914
915
915
915
915
914
913
915
915
917
918
920
918
917
915
917
916
917
911
913
914
916
917
918
917
915
915
913
911
907
902
899
900
899
900
902
903
903
904
903
901
902
902
904
904
905
910
912
915
915
915
915
913
911
910
908
908
905
908
909
908
911
910
910
908
907
908
906
910
908
907
909
908
909
906
906
904
902
904
904
905
906
907
908
907
904
899
899
898
894
894
895
895
894
897
902
903
907
907
907
908
909
909
911
914
915
918
920
920
921
920
918
916
916
916
922
924
921
925
925
920
919
911
909
907
914
937
973
1017
1070
1133
1203
1268
1325
1369
1390
1395
1385
1365
1329
1269
1175
1062
959
887
855
853
867
881
894
900
901
899
891
888
887
886
888
888
888
890
887
886
885
889
893
895
894
895
894
894
892
889
889
886
887
888
886
887
885
881
882
878
875
875
870
871
871
872
871
870
869
868
865
862
861
855
852
852
851
848
849
847
844
841
840
839
836
833
832
831
832
834
834
835
831
833
833
828
824
820
814
809
809
805
806
807
805
804
800
796
792
790
790
787
787
789
789
796
799
807
812
818
824
831
836
845
850
856
866
871
878
879
885
885
887
889
891
889
891
896
899
901
902
900
903
905
905
905
901
901
903
905
907
908
910
912
914
915
913
912
913
912
909
911
910
913
914
915
915
915
913
911
909
911
912
912
914
915
915
914
913
911
914
911
910
910
912
914
916
915
916
914
911
910
911
909
908
911
914
915
921
924
926
928
926
925
926
926
925
926
927
930
928
931
932
931
935
935
932
933
931
930
930
928
931
930
930
929
927
925
924
922
919
917
921
923
923
925
923
922
920
918
915
916
912
913
913
912
911
909
907
908
909
908
904
905
905
906
910
908
911
912
914
915
915
913
911
913
913
912
914
916
918
920
922
925
924
924
921
923
922
922
923
921
924
925
928
927
926
923
921
918
916
918
918
919
921
924
926
927
926
923
922
920
918
917
916
916
916
914
916
915
914
911
908
906
905
904
905
905
903
908
910
912
913
913
914
916
914
914
914
917
918
919
922
923
921
920
917
918
917
920
922
924
923
926
929
927
928
928
924
926
925
924
925
927
928
930
931
935
933
931
931
932
928
925
920
918
916
916
928
950
983
1021
1070
1123
1181
1239
1297
1344
1374
1389
1389
1377
1346
1296
1217
1112
1004
922
874
860
867
885
899
907
911
908
902
896
892
889
888
889
895
898
897
895
893
892
890
886
885
884
885
885
886
887
888
887
888
886
885
886
882
882
880
883
882
886
886
884
884
882
879
879
874
872
871
868
866
863
859
857
850
846
842
840
838
835
836
838
840
838
838
838
838
836
833
830
827
824
822
819
819
817
816
813
810
805
799
796
791
790
786
787
785
786
788
786
786
787
786
786
785
788
790
798
806
817
825
835
842
849
858
863
868
871
873
880
882
885
886
890
891
891
893
892
890
892
894
903
905
907
910
913
913
913
916
912
911
913
914
914
914
917
917
918
916
916
915
913
915
916
919
920
919
924
925
929
926
929
925
922
921
920
918
919
921
923
923
922
924
923
920
920
917
914
912
909
906
905
907
908
910
911
910
909
910
910
913
915
918
922
923
924
926
926
924
923
923
924
925
927
927
930
931
930
930
930
928
928
926
925
927
929
931
934
936
936
936
933
931
926
926
921
920
921
920
921
923
922
921
923
921
918
916
913
913
913
915
916
916
918
918
918
917
915
914
915
915
917
918
919
922
918
920
921
919
918
918
916
913
909
904
905
911
928
959
998
1045
1101
1163
1228
1291
1343
1381
1398
1402
1393
1369
1329
1264
1171
1063
969
906
878
880
892
910
920
922
919
913
908
904
899
898
899
898
899
902
904
902
900
899
898
897
895
894
893
894
895
897
898
896
892
889
889
883
881
881
885
884
885
884
883
881
878
874
872
871
867
868
869
871
872
871
870
871
870
865
861
859
855
852
853
852
855
857
856
852
851
849
846
843
843
842
842
840
837
838
836
832
826
822
819
817
812
810
806
805
803
803
801
802
801
801
803
807
809
815
821
831
837
845
853
858
863
862
866
869
873
875
884
888
892
894
900
901
903
902
903
904
903
902
905
908
916
922
925
928
931
931
931
930
928
926
928
930
933
931
933
932
929
926
922
922
918
913
915
912
913
912
909
912
912
910
909
910
908
909
909
912
912
911
914
912
912
912
915
918
919
919
924
924
925
927
927
926
926
926
925
925
926
928
931
933
935
940
937
937
935
932
928
923
920
930
951
986
1027
1078
1133
1193
1253
1307
1351
1380
1389
1384
1364
1327
1262
1169
1061
962
894
863
861
874
890
900
905
907
902
899
896
894
895
893
893
893
890
889
887
889
890
891
887
888
887
888
888
887
884
884
884
886
888
889
889
887
887
885
884
882
878
881
881
883
882
883
883
882
879
878
878
875
874
872
872
871
870
870
868
866
865
860
856
854
852
849
844
842
837
836
833
832
830
827
823
820
818
814
812
810
807
806
803
799
796
794
792
791
791
793
797
800
807
812
817
822
829
834
840
844
852
859
864
869
874
878
886
893
896
904
902
903
907
906
909
909
909
911
913
912
911
910
911
908
907
908
909
909
908
913
914
914
911
911
911
911
913
912
913
915
915
914
916
915
916
917
916
915
914
916
917
919
920
923
925
925
923
923
922
923
923
925
926
927
928
931
932
928
929
925
923
920
920
921
918
919
920
921
920
920
919
918
917
915
915
915
916
914
916
919
918
918
917
915
915
913
913
913
911
913
914
916
915
918
916
917
915
918
919
918
920
918
917
920
922
922
919
917
918
918
920
921
921
923
926
923
922
923
924
923
920
919
917
918
918
919
921
921
919
920
915
916
914
914
912
911
911
916
919
919
920
922
919
921
923
925
926
927
928
930
931
932
931
930
931
929
928
928
924
926
925
926
922
920
916
911
911
919
942
976
1016
1072
1133
1198
1263
1320
1361
1386
1392
1385
1365
1330
1270
1185
1078
978
910
877
874
882
897
906
911
910
906
900
897
893
892
894
894
896
897
894
896
890
885
886
884
887
888
888
890
889
891
888
885
881
880
878
877
879
877
878
875
875
876
874
871
871
869
872
871
871
872
873
871
871
868
867
863
861
860
861
859
859
862
862
861
855
850
847
843
838
834
835
832
829
828
825
825
819
817
815
809
806
803
799
799
793
792
793
793
793
789
791
789
787
788
790
795
800
807
815
824
830
834
844
849
854
863
869
876
880
886
892
897
898
902
903
906
907
908
910
911
916
918
916
916
914
914
914
910
908
910
909
909
911
913
915
917
913
911
914
913
914
913
910
913
916
918
921
924
923
925
921
919
920
917
919
922
924
928
931
933
933
934
935
935
934
931
933
933
935
936
936
938
936
935
933
931
929
923
923
923
922
923
924
925
926
925
926
924
921
921
920
921
920
922
920
921
919
919
916
914
911
913
912
911
911
910
914
911
911
913
911
909
911
911
912
915
918
918
923
924
923
923
923
924
922
921
923
923
924
927
927
927
925
924
922
922
920
917
919
919
920
918
918
917
916
916
919
917
914
917
916
914
913
914
913
912
910
910
906
906
903
902
902
902
903
907
907
908
909
910
907
908
904
905
908
908
910
912
914
914
914
915
913
910
910
911
911
913
916
916
918
919
918
918
918
920
917
915
918
920
921
922
926
927
926
926
926
925
921
920
916
914
910
907
910
920
942
979
1021
1074
1137
1202
1270
1326
1372
1392
1395
1382
1347
1285
1191
1076
969
899
866
860
873
888
901
909
908
904
894
888
883
881
880
879
883
884
886
886
884
885
883
882
882
880
879
878
883
883
883
881
879
877
876
876
874
873
870
871
872
872
875
874
871
868
865
864
861
860
860
860
859
861
861
859
857
854
852
849
843
839
836
837
832
832
832
830
825
824
819
814
810
804
802
799
798
796
795
792
786
784
780
777
772
770
765
764
767
767
767
768
767
769
773
776
781
787
795
801
813
822
832
841
849
859
864
873
878
884
889
894
897
899
900
903
903
901
899
898
897
898
898
900
900
903
903
903
901
903
902
901
901
902
903
907
908
911
914
915
914
915
917
914
911
911
911
911
911
913
913
914
911
912
913
912
907
904
907
907
908
911
912
913
912
914
912
913
911
911
911
914
918
920
921
922
921
922
918
920
920
916
915
914
914
914
916
917
917
917
913
913
911
911
910
909
909
908
912
915
916
915
913
912
913
909
908
908
909
911
912
914
911
910
910
908
905
904
904
903
902
901
901
904
903
902
900
901
900
901
902
905
906
909
913
912
912
910
913
910
909
909
910
908
908
908
908
908
909
905
906
905
903
901
902
901
902
903
904
905
906
906
906
904
903
902
903
903
902
902
902
906
905
903
902
905
905
908
911
913
915
918
919
920
918
921
920
920
917
914
912
910
910
912
913
920
920
922
921
917
917
916
915
914
916
917
916
917
915
917
913
913
911
911
911
911
910
910
913
912
912
913
911
912
909
907
907
906
906
907
907
909
909
910
909
908
908
910
911
912
914
917
917
915
917
918
916
914
911
909
909
910
911
911
912
911
909
910
910
910
910
910
913
913
919
919
919
922
922
922
918
916
914
915
915
914
915
916
917
916
918
915
915
915
913
911
913
915
916
916
918
919
918
917
917
914
915
917
919
920
923
925
928
928
929
926
926
925
923
922
920
917
914
909
914
932
960
999
1049
1106
1174
1241
1303
1350
1376
1386
1376
1345
1293
1211
1098
984
899
855
847
857
878
894
904
906
899
892
885
879
879
878
878
878
878
880
880
881
881
881
883
880
880
882
881
880
881
882
881
883
883
882
879
878
874
873
871
872
873
873
876
877
871
869
866
861
858
854
852
852
851
853
852
854
854
851
847
845
843
839
837
836
836
836
836
833
832
831
828
823
819
816
816
812
812
807
806
804
801
798
793
788
784
779
775
776
776
774
775
775
773
772
774
776
777
781
787
794
802
808
817
824
828
837
842
846
849
854
859
863
869
877
883
890
895
897
898
900
901
901
903
905
906
911
914
916
918
918
919
920
921
920
921
923
923
925
929
932
932
930
929
927
927
924
926
926
928
929
931
931
931
933
930
927
926
923
920
917
915
915
916
915
914
915
917
915
918
920
921
923
925
927
932
934
934
936
936
933
933
933
934
933
935
934
933
938
934
935
932
930
929
929
927
926
929
928
928
928
929
929
928
926
924
923
922
923
920
917
921
924
921
920
920
914
913
913
915
915
915
919
918
918
919
920
918
916
915
916
918
921
925
927
931
934
932
933
933
930
930
929
930
932
935
935
936
934
932
929
928
936
954
987
1030
1084
1150
1216
1283
1340
1376
1397
1397
1380
1348
1287
1196
1084
979
906
872
868
880
899
912
916
913
910
903
897
896
897
900
900
902
901
898
897
897
897
898
897
899
900
903
906
904
903
900
896
894
895
895
891
891
891
894
895
892
891
892
890
887
885
882
881
881
881
884
883
880
878
877
870
866
863
862
858
856
855
854
855
852
851
847
843
840
836
838
836
835
835
835
832
833
830
827
821
821
819
817
816
818
821
820
821
823
824
827
828
834
838
846
852
862
867
873
879
886
892
895
896
897
900
906
907
911
916
919
918
916
915
913
911
910
912
911
909
913
912
915
917
919
920
919
919
918
915
916
915
916
919
921
925
926
927
927
926
925
924
923
922
920
922
923
923
924
927
924
924
923
920
921
920
921
920
919
922
921
921
920
921
922
922
922
922
925
924
928
929
930
931
930
930
927
927
931
932
934
938
937
938
936
937
932
931
931
929
930
929
931
933
933
931
931
931
930
926
925
921
922
920
920
921
922
921
921
918
916
913
911
909
910
910
910
910
911
912
913
913
912
915
913
908
912
915
917
919
920
922
924
926
930
930
929
928
929
930
932
934
934
935
934
936
934
931
931
927
927
926
925
925
924
924
920
919
919
913
912
910
911
912
911
913
915
917
918
917
915
913
911
912
911
910
911
909
912
914
915
915
916
917
917
919
917
919
918
922
923
924
926
928
926
925
927
925
928
926
926
928
928
930
928
926
924
924
922
920
919
918
920
920
921
920
921
921
918
914
914
909
910
911
909
911
913
913
914
913
912
909
906
905
906
905
904
907
909
913
916
916
918
916
915
916
914
917
917
920
921
922
923
924
921
923
924
923
926
927
927
927
928
927
926
925
923
920
919
918
918
918
922
923
924
925
929
926
927
924
923
921
919
917
918
918
917
920
919
919
916
911
902
895
894
902
924
958
1001
1051
1109
1171
1234
1291
1338
1367
1383
1383
1373
1354
1319
1259
1172
1063
972
908
880
878
886
898
907
912
911
908
905
897
893
890
888
889
889
889
890
889
890
890
889
889
887
885
882
884
883
885
885
885
884
883
885
886
882
879
877
876
872
873
872
872
874
872
873
869
867
867
865
865
866
864
862
866
865
866
863
860
860
855
853
850
848
847
845
844
844
841
840
835
833
828
824
821
817
817
813
812
808
808
805
803
798
795
793
787
787
783
783
783
783
780
777
774
770
769
766
767
766
769
771
774
776
781
784
791
794
799
805
811
817
826
833
843
853
860
864
870
874
878
880
880
884
888
891
893
898
901
904
903
905
907
904
905
905
907
907
908
910
914
916
916
921
922
924
924
926
925
924
924
923
924
921
918
919
915
913
915
917
915
913
917
920
922
922
925
921
921
920
918
916
917
917
919
919
920
921
920
920
918
917
918
920
923
923
924
926
929
929
927
928
929
925
925
922
920
923
927
927
926
924
926
925
924
924
923
922
922
921
922
923
923
922
924
923
923
921
920
920
920
920
921
923
924
923
923
921
920
915
911
914
912
910
911
914
914
913
915
914
915
916
914
913
915
914
915
915
917
917
917
917
916
913
913
915
912
917
915
917
917
917
919
917
916
917
914
913
912
914
914
915
917
916
916
918
917
919
914
917
918
918
921
922
920
923
921
921
918
916
918
919
920
921
921
924
923
923
922
920
917
917
913
914
913
915
919
921
924
924
925
921
916
915
912
913
912
913
916
917
916
915
914
913
911
914
913
915
915
916
917
918
920
919
922
922
922
922
918
920
921
921
924
927
929
930
930
928
929
926
926
927
928
927
929
929
929
931
930
928
926
923
920
918
920
919
922
924
925
923
922
921
916
917
916
917
916
918
918
920
921
922
922
918
918
916
917
916
914
912
909
905
911
925
951
989
1037
1092
1154
1222
1285
1340
1376
1394
1395
1380
1349
1299
1216
1109
1003
923
886
877
889
906
921
926
925
920
909
901
895
891
890
890
895
896
897
895
891
891
892
889
889
889
890
890
888
889
891
891
887
888
886
885
884
879
877
878
881
878
880
880
877
875
870
871
867
865
864
865
866
866
869
870
868
866
865
864
862
860
857
855
853
848
850
846
844
838
837
835
832
829
826
824
822
819
816
814
809
806
801
795
789
785
783
781
783
782
781
782
780
779
779
778
778
780
786
791
800
809
816
825
834
841
847
853
861
867
874
880
886
893
897
900
903
908
907
908
908
912
913
914
918
920
920
920
919
923
921
920
918
918
919
920
921
920
922
920
920
920
921
922
922
922
923
925
924
927
929
929
926
927
925
925
927
926
927
929
930
930
931
932
933
927
930
929
928
924
923
926
926
929
932
930
930
932
929
930
929
927
927
926
927
929
928
928
926
929
927
923
921
920
920
922
923
925
925
927
928
930
929
929
929
928
932
934
935
938
938
940
941
940
937
932
926
922
926
941
973
1014
1064
1125
1190
1259
1320
1366
1390
1398
1390
1368
1337
1278
1187
1076
973
907
879
881
899
913
927
934
932
923
915
909
904
902
899
898
896
895
895
894
891
890
891
888
889
891
887
887
885
886
884
886
889
887
890
892
887
889
888
889
889
890
889
891
888
893
893
894
891
891
891
889
890
887
889
891
890
893
894
894
891
889
887
888
884
881
879
878
877
875
874
869
867
861
858
853
847
842
837
833
830
827
828
827
824
821
817
814
813
811
813
812
818
820
825
831
838
844
848
854
859
865
872
875
882
888
894
900
903
904
907
909
911
916
919
922
923
927
926
928
929
931
930
930
930
929
930
929
928
930
932
932
930
927
924
920
917
915
915
912
913
918
919
923
923
925
923
926
924
922
924
922
925
929
931
938
937
937
939
939
938
936
938
940
942
940
941
942
941
943
940
937
936
938
937
938
941
940
941
942
940
940
938
935
933
931
927
929
926
922
927
926
924
922
919
918
914
916
916
918
921
921
925
926
924
926
925
931
930
930
929
929
930
930
931
934
937
935
936
938
936
935
935
936
937
937
940
940
939
941
938
937
936
936
936
935
938
939
940
940
937
935
929
927
928
924
924
923
922
923
922
924
921
918
917
916
915
919
920
920
919
916
913
910
914
929
955
996
1043
1097
1163
1231
1292
1339
1374
1388
1383
1371
1347
1308
1243
1152
1048
958
905
885
889
899
909
919
923
920
917
913
909
907
907
908
909
910
909
906
900
897
892
891
888
886
887
884
888
886
887
888
886
883
878
877
877
880
881
882
884
885
884
881
880
875
874
872
871
871
874
871
873
872
868
868
864
864
861
861
861
860
860
859
856
855
856
852
851
849
847
844
844
842
840
838
835
831
824
817
809
805
799
796
796
792
789
787
785
784
779
778
776
775
772
772
775
775
782
790
796
803
809
816
823
830
835
840
844
853
858
865
869
876
883
888
890
894
894
898
901
903
906
909
909
909
910
912
913
911
912
911
912
915
914
915
918
922
921
917
916
915
915
913
911
913
912
913
912
911
910
908
909
905
905
904
907
906
907
908
910
910
911
912
912
913
915
914
915
917
918
920
921
922
924
922
921
921
922
921
922
921
923
924
928
928
927
928
925
925
925
926
923
925
927
930
930
929
926
924
922
920
916
914
913
908
911
911
911
909
910
911
905
906
902
903
904
905
908
910
911
912
914
915
914
912
913
911
912
914
915
919
920
923
922
922
923
924
920
917
913
907
909
921
947
983
1028
1086
1149
1213
1275
1327
1360
1377
1372
1360
1327
1270
1176
1063
960
890
859
854
868
884
897
901
900
896
889
884
882
886
885
888
889
888
889
888
888
889
887
886
883
886
885
884
885
886
885
885
882
880
879
880
880
880
878
876
875
874
874
873
875
873
871
869
866
865
864
862
858
857
855
852
851
847
847
842
841
839
836
834
833
832
834
832
833
833
830
827
821
818
815
809
809
806
804
802
799
801
799
795
794
792
789
786
785
785
784
787
789
791
793
796
800
806
809
817
826
834
841
850
859
867
871
874
877
878
880
882
885
887
888
890
894
894
893
894
895
896
895
894
896
897
898
902
903
905
905
905
903
900
902
901
901
903
907
907
910
910
913
912
912
911
909
908
908
907
911
909
911
913
913
911
913
911
910
908
908
910
910
911
912
911
911
911
908
907
906
905
907
909
913
913
915
917
918
917
915
916
913
911
911
913
916
917
920
922
922
920
917
915
911
910
908
909
911
911
912
915
916
917
916
915
913
912
911
913
914
915
917
919
919
920
920
919
917
917
915
914
914
913
908
904
903
900
903
917
944
981
1027
1082
1142
1207
1265
1317
1351
1367
1364
1350
1317
1260
1176
1066
964
895
863
862
876
895
906
910
908
901
893
890
888
889
890
891
888
887
884
882
879
876
876
876
875
875
875
875
874
874
871
869
868
863
863
860
862
861
863
862
862
860
856
855
852
850
851
848
850
846
848
848
847
846
846
847
845
843
841
843
842
842
836
836
832
828
825
823
817
813
810
812
809
810
809
811
806
801
799
795
793
788
788
784
787
787
789
790
791
792
792
793
795
799
806
810
818
825
834
842
846
850
852
856
859
862
864
867
868
872
874
879
879
881
882
886
893
894
899
898
901
904
905
905
904
902
900
900
899
900
900
902
903
904
906
906
907
909
906
904
902
902
905
905
908
909
914
913
914
913
909
910
906
907
907
905
907
906
907
908
908
908
903
901
900
899
896
894
897
896
901
901
900
902
905
906
906
906
910
911
912
914
915
916
913
911
908
911
908
908
907
908
908
909
911
912
911
911
910
906
904
905
904
902
904
905
907
907
907
906
905
902
901
899
899
899
900
897
899
899
899
896
894
894
896
894
895
895
901
901
906
907
907
907
907
909
905
906
903
904
905
905
908
910
910
909
908
906
908
906
907
907
910
912
913
915
913
912
911
912
909
908
906
903
904
905
904
906
903
900
900
899
898
894
896
897
896
899
902
901
904
903
903
897
895
893
890
885
889
897
921
952
997
1050
1112
1175
1240
1297
1340
1364
1371
1363
1339
1291
1216
1108
997
909
864
850
860
879
897
907
910
907
900
890
887
882
878
877
873
871
868
867
868
864
864
860
859
855
854
851
850
852
851
854
857
856
856
855
853
850
853
846
849
851
852
851
852
853
853
851
850
847
847
844
844
845
844
845
847
846
844
842
840
838
835
831
829
828
827
828
828
826
823
819
813
806
799
792
789
786
784
779
779
779
776
771
766
765
759
756
757
758
761
764
770
774
779
786
789
796
802
810
818
825
834
844
852
860
866
869
873
883
882
883
887
889
892
896
899
900
902
902
902
901
901
902
907
906
908
909
911
913
911
909
906
903
902
899
900
896
898
898
897
898
900
902
904
905
906
904
901
899
899
900
901
903
905
901
903
901
902
902
902
903
908
910
913
916
916
917
917
915
914
912
911
912
914
914
912
911
911
911
907
904
905
905
906
906
911
913
915
917
916
915
915
911
910
910
908
908
912
913
913
912
911
909
909
908
907
904
903
904
905
906
908
910
909
908
907
905
900
898
898
903
903
905
908
911
913
911
911
912
909
908
910
911
914
913
913
914
911
909
904
905
903
904
903
904
905
909
912
912
911
911
911
911
910
910
913
915
916
915
917
919
917
919
917
914
912
909
909
908
908
908
907
909
908
907
906
905
905
905
903
903
902
904
904
904
904
903
904
905
903
903
902
900
902
901
902
902
902
903
903
902
901
902
901
901
904
906
911
916
915
917
915
917
916
915
916
912
910
910
904
899
902
915
942
977
1023
1079
1138
1203
1264
1314
1347
1365
1364
1352
1324
1280
1208
1107
1005
920
873
859
864
878
891
897
897
892
886
877
872
867
866
869
868
870
867
867
865
864
862
861
861
862
863
864
864
865
861
861
858
856
854
856
855
856
858
857
855
858
856
856
854
855
855
851
853
852
853
851
851
849
849
848
846
846
844
840
839
839
837
835
832
830
827
824
822
817
813
810
807
803
799
795
797
794
790
790
784
779
772
770
766
763
761
763
759
758
759
761
760
761
764
765
767
774
783
789
798
809
816
824
831
838
843
848
854
860
865
871
876
884
888
890
892
892
892
890
891
893
895
897
899
900
897
900
899
898
896
897
899
899
900
904
906
908
910
910
909
908
903
901
903
903
903
903
905
907
907
906
907
907
908
909
909
910
912
909
910
909
911
909
908
907
908
904
902
904
906
904
903
902
901
898
893
892
892
890
892
892
898
898
900
903
903
906
906
903
903
903
901
900
902
904
907
907
904
904
903
902
902
898
898
899
897
898
900
899
900
899
901
902
900
902
903
904
905
907
908
906
908
904
904
902
903
902
898
898
900
898
895
896
896
893
891
891
888
890
889
887
889
890
893
896
901
902
902
903
903
904
901
900
901
903
904
905
905
907
904
899
901
896
895
894
895
899
901
903
902
907
907
906
907
907
907
905
909
908
910
911
912
906
904
904
905
903
901
900
898
898
899
900
897
894
891
889
887
884
881
883
886
889
892
897
898
898
898
896
896
894
893
893
896
898
897
899
901
901
902
902
899
900
898
898
902
902
905
905
903
901
896
889
890
900
921
956
999
1055
1110
1173
1234
1285
1326
1350
1357
1350
1335
1305
1258
1180
1085
986
912
871
857
861
871
881
887
889
885
882
877
874
872
870
868
864
858
855
852
850
853
854
856
859
859
862
864
865
865
864
860
861
861
862
863
864
862
862
863
862
860
859
859
861
860
860
858
859
855
854
853
851
850
842
843
843
842
842
842
843
841
838
836
833
827
826
821
819
819
819
820
818
816
814
809
804
797
791
786
785
781
776
775
772
769
766
766
763
763
764
764
763
762
764
765
768
768
769
773
774
776
780
787
793
801
809
817
825
829
836
843
846
850
854
857
861
867
874
878
885
888
890
890
890
887
884
884
887
888
890
891
892
894
895
894
891
893
895
893
891
891
891
893
892
893
891
890
888
886
886
888
889
894
898
901
904
907
909
912
911
909
906
906
906
907
909
911
915
914
915
912
911
911
910
908
908
908
910
909
910
910
909
908
907
905
903
902
902
902
905
906
904
904
906
903
901
899
900
899
899
901
902
903
903
902
901
898
896
893
892
890
889
889
890
890
889
891
893
894
895
896
899
903
903
907
909
911
911
910
909
910
909
908
906
907
909
909
912
911
914
915
913
911
911
909
907
904
907
905
907
907
910
911
910
911
910
911
907
907
906
908
907
908
909
910
910
910
910
910
908
907
907
906
906
902
897
890
885
883
893
918
955
1007
1071
1147
1221
1286
1338
1367
1375
1367
1343
1298
1226
1126
1013
919
862
848
858
875
891
898
896
893
886
880
876
874
875
877
881
880
880
876
875
872
869
867
869
868
871
867
867
867
864
862
859
858
855
856
852
852
853
855
855
855
854
850
847
845
845
841
843
842
842
842
843
842
839
835
832
830
830
832
830
833
836
837
837
839
839
837
832
829
827
822
822
820
819
817
816
814
807
806
803
796
794
786
783
781
781
781
782
781
781
782
782
785
787
791
796
803
811
817
822
832
837
842
850
858
862
865
868
870
873
877
880
882
886
888
887
888
886
888
886
886
887
890
896
896
899
900
902
906
907
907
908
909
910
911
912
911
910
910
909
908
908
906
905
906
907
909
910
912
912
911
907
907
905
902
901
901
898
900
901
900
900
900
897
896
898
898
898
898
898
898
897
899
899
898
892
890
890
888
886
887
888
892
893
898
901
903
906
908
909
910
914
918
921
922
922
925
924
924
922
921
920
920
918
919
920
924
923
925
923
923
922
921
920
920
919
918
918
917
918
921
920
920
918
916
912
913
916
916
918
918
919
919
916
912
911
906
898
891
885
881
884
898
926
966
1013
1072
1136
1202
1261
1314
1349
1362
1365
1351
1321
1269
1182
1073
969
894
860
860
873
890
905
909
910
904
895
890
888
886
887
888
887
886
886
884
884
881
879
878
874
873
871
869
869
869
871
873
875
874
873
872
866
862
858
856
857
855
857
856
859
859
855
856
860
860
861
861
862
857
855
858
857
858
856
854
851
848
846
846
843
839
840
839
838
837
831
831
827
824
819
815
811
810
809
807
804
803
800
795
790
789
789
790
791
793
797
802
807
812
816
821
828
832
840
845
851
859
869
878
886
891
896
898
902
901
904
904
905
903
904
905
907
908
907
909
906
906
903
903
903
905
906
906
907
909
906
905
903
900
899
898
896
899
902
906
907
909
909
908
906
907
903
902
899
899
902
903
904
904
903
904
906
907
908
909
913
916
917
920
922
923
923
922
921
920
916
915
916
916
917
918
921
921
919
916
915
915
915
914
915
911
914
913
913
913
914
914
912
911
909
907
907
909
911
912
911
914
912
911
911
908
906
906
905
902
900
894
890
882
880
888
908
943
989
1047
1116
1187
1258
1312
1351
1367
1362
1346
1313
1258
1171
1067
968
901
868
862
871
883
896
900
901
897
889
883
878
879
882
879
882
882
878
876
874
873
870
869
868
869
870
868
871
871
869
869
866
863
862
859
857
855
856
854
856
859
856
853
851
846
841
840
834
834
834
836
838
841
841
841
841
842
839
840
840
839
840
839
839
837
833
832
828
824
817
813
812
806
808
804
805
801
800
795
792
786
783
781
780
777
776
775
779
778
778
778
777
777
783
784
789
795
802
811
815
819
826
830
833
837
841
845
852
857
865
870
875
882
883
884
887
886
886
887
891
893
894
898
899
900
903
899
902
901
899
898
897
896
897
899
901
899
900
899
901
898
899
896
897
894
896
897
898
898
896
894
894
890
885
885
884
887
887
891
893
894
894
893
893
892
891
892
892
896
896
900
899
902
904
903
902
903
902
900
901
901
902
902
902
902
904
903
903
901
899
899
898
899
900
900
901
899
897
899
897
897
895
894
895
893
892
890
886
889
886
889
888
887
887
885
884
885
886
890
888
891
893
891
894
893
895
896
894
895
897
901
898
893
887
888
898
915
945
983
1032
1086
1145
1211
1270
1317
1347
1357
1352
1333
1290
1223
1124
1011
916
864
842
847
862
878
889
891
889
883
875
872
871
870
872
874
871
868
869
865
864
863
864
865
864
865
863
863
860
858
856
852
854
852
853
851
856
855
857
857
854
853
850
850
845
844
844
842
845
844
843
842
841
842
842
840
834
833
833
833
832
831
832
833
830
829
827
822
820
816
815
809
810
808
806
806
802
797
794
789
785
780
778
778
777
776
773
772
770
768
767
765
764
767
769
773
779
785
792
799
806
813
818
824
831
835
840
845
851
857
863
867
870
876
878
877
878
880
880
883
887
889
890
892
890
890
891
888
890
888
889
890
891
893
891
889
889
887
887
885
883
882
884
886
887
887
889
894
894
896
896
895
895
893
892
895
897
896
898
902
900
903
899
900
899
895
896
899
900
902
902
903
902
901
900
898
895
894
893
895
893
895
896
897
897
896
897
894
893
891
891
891
890
888
892
892
893
893
888
889
886
885
885
885
886
888
889
890
890
890
887
887
883
885
885
889
890
895
895
896
897
895
895
894
892
893
894
896
899
901
898
901
899
900
900
898
898
896
895
897
893
895
898
898
889
886
881
881
889
911
942
982
1033
1087
1147
1208
1265
1310
1340
1353
1351
1339
1315
1270
1202
1108
1007
919
865
847
847
860
873
880
881
880
876
868
870
869
870
867
869
866
864
860
861
859
857
859
859
860
858
857
853
849
845
843
842
843
845
846
849
849
846
848
847
846
843
844
846
846
848
851
851
852
851
849
845
841
837
836
838
838
838
839
838
839
839
836
837
834
829
824
821
815
811
808
802
798
794
792
787
777
774
772
770
768
768
768
768
763
762
758
755
751
749
747
747
746
748
754
756
759
768
772
776
782
791
796
807
816
826
835
842
852
857
861
865
868
871
877
882
887
888
892
897
900
901
900
899
896
894
894
892
893
895
893
895
893
890
890
888
885
885
883
882
885
886
889
888
890
890
889
888
887
886
888
888
889
895
896
901
904
902
903
901
900
896
898
899
900
903
903
906
909
905
907
903
903
899
897
897
897
898
898
898
899
898
900
897
899
899
898
896
895
896
894
894
895
895
894
891
891
888
889
888
888
891
891
892
893
892
892
891
891
889
889
889
892
893
896
898
900
900
900
900
900
898
897
893
898
899
899
902
900
902
900
899
900
899
897
896
898
901
902
904
906
903
899
892
890
893
905
932
969
1016
1070
1128
1190
1250
1303
1338
1358
1360
1350
1327
1284
1215
1119
1012
924
867
846
849
864
878
891
893
890
886
878
876
873
874
874
871
871
867
865
863
862
863
863
863
863
860
859
856
852
851
851
851
851
850
852
856
858
855
859
858
858
857
858
857
859
858
856
858
857
855
853
852
850
849
849
847
848
845
849
849
848
843
840
833
831
824
821
820
817
816
817
812
811
806
804
799
793
790
786
783
781
778
779
778
778
775
774
769
767
766
759
760
762
765
770
774
779
783
787
792
797
808
814
823
829
837
843
850
860
863
869
871
875
879
881
885
889
894
897
899
900
900
901
897
898
897
895
895
894
894
894
895
896
897
896
894
892
893
889
889
890
890
892
893
894
894
896
894
896
894
892
894
894
896
897
895
895
895
894
892
890
891
892
891
891
893
898
899
899
901
901
901
898
899
899
901
901
903
906
910
910
909
912
912
911
909
909
906
907
906
907
907
910
910
910
908
909
902
902
902
901
902
903
904
906
905
905
904
901
903
903
902
900
903
903
904
903
904
902
901
898
897
894
896
895
896
891
891
891
889
889
887
887
886
887
888
890
893
895
898
901
904
906
905
901
902
900
900
903
904
904
906
907
907
903
902
900
898
895
895
896
898
901
902
902
901
899
901
898
897
894
893
894
895
896
897
903
902
900
898
895
894
890
893
892
892
894
893
896
895
895
893
893
892
892
893
895
897
896
901
903
905
905
904
903
901
902
903
903
906
908
911
912
914
913
911
906
902
896
893
893
902
922
960
1003
1059
1119
1181
1242
1295
1333
1355
1360
1350
1333
1298
1237
1151
1041
946
882
853
847
860
874
887
891
893
889
881
878
871
870
869
870
870
870
870
870
873
872
872
869
868
868
867
862
863
863
863
865
863
862
858
855
854
852
852
850
848
850
849
846
849
847
846
845
844
841
839
834
831
828
827
827
826
824
825
829
824
824
822
819
817
815
815
816
816
815
813
811
807
805
802
799
798
796
794
790
791
789
787
783
780
776
773
771
768
768
769
769
772
774
773
773
772
774
773
777
783
788
794
801
808
817
823
828
832
839
844
847
850
855
856
861
866
871
874
876
876
875
876
877
875
878
880
881
887
891
894
896
895
897
897
897
899
902
904
906
909
909
910
909
910
909
909
907
910
909
911
913
916
916
915
916
916
916
915
915
915
913
916
917
915
916
916
914
911
905
906
902
901
901
903
908
906
910
911
911
909
905
901
900
913
938
982
1035
1094
1152
1217
1273
1321
1352
1367
1367
1351
1324
1268
1185
1076
974
897
864
857
864
879
890
894
893
889
886
881
877
877
876
874
871
867
869
864
865
863
864
863
863
863
862
858
858
856
855
855
855
856
858
860
860
860
861
861
859
858
855
858
855
856
858
859
857
858
858
856
854
849
849
847
845
844
843
844
847
845
841
837
833
831
826
821
815
813
809
805
802
799
797
795
794
791
791
792
791
790
790
792
793
794
796
798
801
807
812
820
828
836
845
852
860
865
868
871
875
881
886
887
892
894
898
903
905
904
905
902
902
900
900
900
901
902
903
905
906
904
901
898
896
890
887
884
882
881
884
887
888
890
893
894
897
895
896
898
893
895
894
894
895
895
893
894
892
889
888
889
888
893
897
897
896
898
899
898
899
898
898
898
899
904
906
907
910
908
910
908
903
901
900
899
897
897
898
895
896
897
894
893
891
889
887
885
885
886
887
888
890
890
889
888
887
886
885
885
887
889
890
893
892
894
894
893
891
891
890
890
892
890
894
895
897
899
900
898
899
900
900
899
904
905
902
905
905
903
902
901
900
899
896
895
894
893
895
893
894
895
894
892
891
888
889
887
886
889
892
891
892
892
891
888
890
887
886
884
885
885
888
890
892
891
892
889
888
889
889
889
890
892
896
896
899
899
898
898
897
896
894
895
894
893
894
893
894
892
892
892
891
889
888
887
886
888
890
895
896
895
893
892
890
888
889
887
889
891
892
894
894
897
897
898
896
895
893
895
895
896
896
897
898
898
898
900
899
898
900
902
902
901
905
900
900
894
891
888
893
909
937
974
1021
1077
1139
1204
1265
1315
1347
1359
1354
1337
1305
1252
1170
1069
971
898
859
851
857
870
880
883
882
879
871
864
864
863
863
865
865
864
861
859
858
856
857
856
856
856
856
855
853
853
851
851
849
847
847
844
845
844
840
841
842
838
837
836
835
834
834
836
837
838
838
836
837
835
833
831
829
826
823
826
826
822
824
825
824
820
817
814
812
809
807
808
806
805
806
805
803
800
795
793
788
784
781
778
776
774
776
776
773
770
769
767
763
765
762
766
766
768
774
778
779
780
782
785
790
793
801
808
817
825
832
839
845
849
852
857
860
863
866
871
874
878
879
882
881
883
883
882
882
881
882
882
886
889
894
894
894
894
896
893
892
891
895
896
899
900
902
901
897
898
897
897
899
898
897
901
902
903
905
907
904
905
904
901
897
898
897
897
896
895
897
897
898
900
898
897
896
897
899
898
901
902
902
899
900
901
900
899
899
898
899
899
899
901
902
904
907
904
903
902
902
901
900
901
903
905
908
908
907
908
904
903
902
901
902
902
904
902
906
906
906
905
902
904
901
899
901
902
901
898
900
897
893
891
888
888
886
888
887
888
891
892
894
892
896
899
899
897
897
899
900
900
901
899
903
902
903
903
901
899
898
898
900
902
902
904
907
905
906
906
904
903
902
905
907
908
909
911
912
910
910
909
911
910
909
906
904
898
896
894
905
929
964
1009
1064
1129
1196
1262
1314
1349
1365
1364
1350
1316
1248
1154
1040
943
878
854
855
869
888
900
904
903
896
890
883
883
881
882
882
881
883
882
883
882
879
876
875
873
872
870
872
873
874
875
875
875
875
873
870
869
866
864
861
862
863
863
862
862
858
860
857
856
852
850
848
847
846
846
847
847
847
847
843
842
839
838
838
837
836
838
836
833
829
826
822
819
816
814
811
811
808
808
804
801
799
797
794
791
788
786
786
786
786
785
785
787
785
787
791
794
796
797
807
814
820
824
836
843
848
854
857
856
860
862
864
868
873
878
884
889
894
894
895
895
894
895
898
901
902
907
909
910
910
909
907
904
903
903
904
903
908
909
911
912
911
910
909
907
906
906
907
908
911
912
913
915
912
913
913
911
910
911
913
913
915
915
915
911
911
909
905
903
900
897
898
900
902
907
909
912
912
912
910
908
906
906
907
907
911
913
912
913
909
910
912
911
912
908
910
907
907
909
912
911
907
907
905
904
902
902
901
900
903
904
904
905
904
906
905
901
899
899
899
901
901
902
902
902
899
899
898
896
894
892
893
892
895
893
894
894
892
894
893
893
894
892
895
895
897
898
902
904
903
906
905
905
905
903
903
907
909
911
912
915
914
915
913
913
911
912
910
913
915
917
918
918
918
920
918
916
914
911
912
907
904
899
896
897
904
927
958
1001
1054
1116
1183
1249
1306
1346
1367
1368
1354
1322
1265
1181
1073
971
899
861
855
865
881
897
903
905
899
893
887
887
888
888
889
889
890
888
887
885
882
881
880
878
880
879
881
880
879
877
876
872
870
868
864
861
861
860
856
856
860
860
857
855
852
848
845
842
844
845
846
846
846
846
845
846
843
839
837
837
837
836
837
835
833
830
828
825
821
818
816
816
812
810
807
804
803
799
795
792
787
785
781
781
780
781
782
782
785
789
789
795
796
804
809
817
825
833
841
843
850
853
856
860
860
868
869
872
877
880
885
890
894
900
901
904
908
908
908
909
909
911
911
910
914
915
915
914
915
913
913
914
912
908
912
911
915
916
915
914
913
913
911
910
910
911
913
912
916
917
915
914
913
913
913
910
906
908
908
907
908
908
908
906
905
904
904
904
904
904
905
905
910
910
910
910
910
907
908
907
908
908
909
913
914
915
916
916
917
916
917
916
915
915
915
916
916
918
916
916
915
916
915
912
913
913
914
914
916
914
910
910
910
906
905
901
899
898
898
898
899
898
898
898
898
896
896
897
899
903
904
904
908
909
911
909
907
910
908
909
907
907
909
912
915
919
918
919
919
918
919
917
920
921
920
922
923
924
923
921
925
923
921
924
925
924
926
925
924
922
915
907
900
898
910
932
973
1021
1080
1144
1210
1271
1324
1360
1372
1370
1357
1327
1273
1195
1098
994
915
869
858
868
882
895
903
901
897
895
892
890
891
891
892
891
888
886
883
881
881
883
885
886
886
887
883
883
879
876
877
874
872
872
872
870
870
868
866
864
859
857
852
851
849
848
848
846
846
848
846
844
844
842
840
838
837
838
835
838
836
837
836
835
836
836
835
833
834
833
830
827
823
826
825
820
816
812
808
807
802
801
802
802
801
800
797
798
792
787
783
780
781
785
786
790
793
796
800
802
804
808
813
819
826
830
838
845
854
858
864
868
870
874
876
879
882
885
892
897
898
900
901
901
902
901
903
904
909
909
912
914
916
918
918
917
913
913
913
911
913
911
913
912
911
914
910
909
909
907
908
908
908
907
906
908
908
909
908
907
903
903
904
902
903
901
900
901
904
903
904
903
904
904
901
900
904
907
910
913
916
917
916
912
913
912
910
910
912
911
915
919
918
917
918
916
913
911
910
910
910
911
911
911
912
914
912
911
912
910
909
907
905
909
908
910
911
911
912
913
914
918
921
926
931
936
941
948
951
960
971
980
988
1003
1012
1022
1031
1038
1047
1067
1094
1133
1177
1222
1266
1308
1341
1362
1373
1374
1368
1356
1336
1291
1207
1101
994
919
879
868
876
892
905
907
905
894
883
871
865
859
853
850
851
848
848
847
850
848
849
846
842
837
838
835
835
835
835
834
835
835
833
832
831
826
826
823
822
821
817
815
815
816
810
808
802
796
791
787
785
781
782
778
775
773
767
760
758
752
746
742
740
736
732
726
725
721
717
713
710
706
702
700
700
698
701
702
702
704
704
704
706
709
708
714
721
726
731
740
751
762
771
782
791
803
810
817
828
834
841
849
856
863
868
875
876
882
887
891
892
894
899
899
904
904
904
905
905
905
906
906
907
913
914
915
918
921
922
920
919
916
915
914
913
914
918
917
917
920
922
922
922
919
920
918
920
918
920
920
921
922
918
918
916
913
914
908
911
910
910
911
913
914
913
914
911
909
910
906
909
909
911
911
914
915
914
914
911
914
911
910
909
913
917
916
919
925
924
924
922
921
920
919
920
918
919
922
924
924
925
924
921
922
918
918
920
919
921
920
922
922
922
923
922
920
921
924
927
929
932
931
932
935
932
937
933
934
935
933
930
931
931
935
938
937
935
937
935
933
935
933
932
933
939
941
943
946
944
941
941
941
939
934
931
925
925
930
947
975
1009
1060
1114
1173
1234
1292
1337
1367
1379
1375
1362
1329
1269
1180
1074
977
912
881
880
894
912
927
933
931
926
923
916
913
910
913
911
915
914
913
915
916
915
912
909
910
905
905
905
903
902
902
901
901
899
896
895
894
891
891
890
888
890
890
890
892
890
887
885
884
880
879
881
879
880
880
883
883
881
880
876
875
871
868
867
865
866
866
865
866
863
863
860
858
856
852
853
851
850
848
848
847
843
841
838
834
832
831
828
826
825
825
825
824
827
829
828
830
834
837
847
852
860
868
876
884
891
896
900
901
901
907
908
912
916
919
923
924
926
929
927
930
928
929
933
936
937
939
938
938
940
942
944
945
946
946
946
945
948
951
952
955
954
953
954
951
947
946
947
946
947
949
947
953
952
951
950
949
948
945
946
946
947
947
947
949
945
943
943
940
939
940
940
941
943
942
943
945
945
944
945
943
944
944
946
946
945
949
949
952
952
949
948
948
947
948
949
950
951
953
955
956
955
957
954
950
949
948
948
947
948
948
950
953
952
951
950
947
945
943
940
937
938
937
936
937
937
935
933
929
929
926
927
925
927
929
930
932
936
937
938
937
939
939
941
942
945
945
947
950
950
950
947
944
938
933
932
941
961
992
1032
1078
1132
1189
1247
1298
1340
1363
1374
1376
1367
1351
1320
1263
1180
1081
987
927
899
894
902
916
922
924
924
920
917
915
911
908
908
905
908
905
905
902
903
902
903
900
902
903
903
902
902
903
902
903
904
903
903
903
901
900
899
899
899
897
899
900
900
902
902
901
900
899
895
893
893
890
889
887
886
883
880
877
870
867
862
860
856
852
850
852
851
849
847
843
840
838
834
831
830
826
824
821
818
817
814
810
809
810
806
806
804
807
805
811
815
819
826
831
838
842
850
857
863
872
879
885
894
899
906
912
916
920
922
923
924
931
930
929
932
934
931
929
926
927
924
922
922
924
923
927
928
932
935
938
940
939
936
934
933
933
933
936
937
936
939
941
940
939
937
936
938
937
939
941
939
939
941
941
941
939
940
938
939
941
941
946
946
947
946
946
943
941
941
938
938
937
938
938
939
941
938
935
936
934
933
930
932
931
932
933
937
937
939
938
937
937
938
935
937
938
941
941
942
942
943
943
939
933
931
931
941
964
998
1039
1087
1140
1196
1252
1300
1337
1358
1367
1363
1348
1321
1273
1203
1113
1026
957
919
907
909
918
924
927
927
925
922
918
916
916
913
911
911
909
909
909
907
907
906
908
905
904
903
900
901
899
899
898
896
899
900
901
900
898
895
894
891
890
891
890
891
890
889
892
892
890
888
885
883
879
879
878
878
880
881
883
880
878
871
873
868
864
864
861
860
859
858
856
856
853
851
847
844
840
839
835
833
831
828
827
824
822
818
815
813
812
811
811
818
824
827
834
838
845
848
856
863
869
876
882
888
894
899
903
905
908
912
909
913
912
915
919
922
924
925
928
928
928
928
928
926
926
926
927
930
930
932
934
935
934
933
930
929
928
930
930
933
933
933
935
936
936
935
933
932
929
929
927
928
925
927
929
930
928
927
928
927
927
927
927
929
930
934
937
937
937
938
937
936
934
934
937
937
939
939
937
941
940
940
936
935
934
935
935
935
938
936
936
934
934
932
929
928
926
926
925
925
926
925
927
928
926
924
922
920
919
920
921
925
925
927
929
929
931
927
927
925
922
922
922
924
925
925
930
931
932
932
930
931
930
929
929
933
934
934
936
936
934
934
932
931
928
929
928
927
929
928
930
930
926
927
926
928
928
929
929
930
931
931
931
929
929
930
928
928
926
926
926
927
928
931
933
931
929
929
928
927
925
930
931
931
938
936
940
942
943
941
941
942
939
941
942
942
944
941
939
933
930
927
939
961
995
1034
1085
1142
1203
1262
1310
1340
1356
1355
1343
1316
1270
1202
1111
1014
939
896
883
887
898
910
917
917
916
908
903
902
903
903
903
899
902
899
895
895
892
889
892
892
896
897
897
898
898
893
894
891
888
887
888
887
886
885
887
885
884
885
880
875
872
873
872
873
875
875
878
875
873
870
868
865
865
862
860
859
858
854
857
855
853
851
847
842
838
835
833
831
831
829
827
823
820
819
812
810
808
805
803
803
802
799
799
798
796
795
793
792
792
795
796
801
808
815
823
829
835
841
847
853
861
867
874
881
889
894
899
905
906
908
908
906
907
909
909
914
915
916
919
922
921
922
921
919
922
921
920
922
923
922
925
923
923
922
920
921
919
921
923
925
927
931
934
935
934
933
934
933
932
933
934
936
941
941
943
942
943
943
942
940
940
940
939
941
944
944
944
944
943
942
939
934
933
930
930
931
931
934
932
933
929
929
928
925
924
924
925
926
929
932
934
934
933
934
932
932
933
931
932
934
936
938
938
938
938
936
934
934
933
932
932
935
935
938
938
941
939
940
937
936
934
935
935
937
938
939
940
939
939
938
936
932
932
932
931
931
933
931
933
932
929
923
916
907
906
909
921
941
975
1017
1068
1124
1188
1245
1295
1331
1352
1355
1345
1324
1286
1219
1126
1026
947
903
887
893
907
923
931
934
931
926
920
915
914
912
912
910
908
906
905
904
901
903
903
904
903
901
901
900
899
897
895
895
893
893
893
889
888
885
881
878
876
876
877
878
879
880
882
879
877
874
870
872
869
869
870
870
872
870
872
872
870
867
862
859
858
858
857
857
860
858
858
855
855
852
846
843
841
839
836
836
833
831
829
829
825
823
820
818
815
814
811
813
814
817
820
821
826
827
833
836
841
846
852
862
868
874
882
886
890
892
894
896
898
901
903
906
910
913
915
920
918
919
918
918
917
920
920
921
922
923
924
926
924
927
924
924
925
927
926
926
928
929
930
928
927
927
925
920
920
919
919
921
924
924
925
928
926
927
921
921
920
921
920
921
924
927
929
930
929
928
928
927
925
925
926
926
927
928
932
929
931
933
933
932
932
933
932
932
934
934
935
933
928
926
923
924
921
922
922
921
923
925
924
926
924
924
923
918
918
919
916
920
923
927
928
926
924
922
920
921
918
919
919
919
924
925
926
925
926
925
924
923
921
921
920
924
925
925
929
926
927
926
925
925
926
927
926
927
928
927
930
925
924
922
920
916
914
911
909
910
911
909
911
911
911
909
909
908
908
909
912
912
914
920
920
920
918
919
915
917
915
916
915
917
920
922
926
925
926
924
924
922
922
924
925
928
932
931
933
931
930
929
928
922
923
920
921
921
922
923
925
927
926
925
920
920
922
917
916
918
920
918
919
917
913
914
910
904
899
899
911
933
968
1009
1063
1118
1178
1238
1289
1323
1342
1343
1333
1313
1277
1213
1124
1030
945
895
874
875
885
898
905
911
911
906
904
898
899
897
895
892
889
889
889
891
892
893
895
893
892
891
889
886
883
880
880
880
881
881
877
880
878
878
876
875
874
870
869
867
866
865
864
862
861
861
858
856
853
853
853
852
852
852
851
850
850
847
844
841
839
833
832
830
830
829
831
828
828
826
824
823
820
818
816
814
813
811
810
805
802
798
793
792
787
783
783
782
780
778
779
780
780
782
783
783
785
788
794
800
809
813
822
826
834
840
844
848
855
860
865
869
877
884
888
891
895
897
898
898
898
901
905
908
910
915
916
916
919
919
917
915
916
914
918
921
922
923
927
924
923
923
921
919
920
920
922
924
926
924
924
922
921
920
918
917
915
918
918
919
922
925
925
927
925
923
922
921
920
915
916
919
922
922
924
924
921
920
921
920
919
919
922
922
922
924
922
924
922
922
922
920
921
920
922
921
922
923
922
925
924
925
921
917
916
914
912
911
913
912
914
914
913
913
909
909
909
909
908
909
908
909
907
911
908
911
911
909
908
910
908
910
910
914
915
914
918
920
920
919
918
914
913
909
910
922
942
978
1019
1072
1131
1195
1252
1302
1337
1351
1348
1328
1290
1222
1122
1012
919
867
852
862
879
895
904
909
906
899
892
888
884
886
884
884
886
884
888
888
888
887
886
882
882
881
878
876
875
875
875
877
880
880
878
877
876
875
875
875
873
875
875
874
875
875
874
874
870
869
865
866
863
863
861
862
861
859
856
853
851
847
846
844
843
839
839
837
836
833
827
825
820
819
817
812
809
808
806
804
803
799
796
792
788
783
780
779
776
779
781
784
793
795
800
807
808
814
817
826
834
842
850
857
864
872
875
881
883
885
888
888
891
894
897
899
903
906
906
907
907
905
904
902
903
903
905
908
911
910
908
908
907
904
902
899
901
900
902
905
906
905
903
902
900
901
896
898
903
906
908
909
910
910
910
909
911
910
909
908
907
908
911
913
915
917
915
916
913
912
912
909
908
909
910
911
912
912
910
908
906
908
905
907
906
907
908
905
905
903
902
901
899
898
898
896
897
899
902
902
905
908
906
908
904
906
903
903
906
909
911
916
918
919
917
917
916
914
912
913
915
916
919
920
921
917
912
906
900
892
897
904
929
960
1005
1055
1110
1171
1232
1281
1314
1329
1329
1315
1290
1238
1162
1065
968
898
863
854
862
882
894
898
897
894
892
888
886
886
884
883
884
881
882
883
883
881
885
883
885
886
883
881
881
878
875
874
870
869
870
869
868
867
867
867
864
861
857
855
855
855
855
852
854
855
849
847
847
847
843
839
842
840
840
841
840
841
838
836
831
828
825
823
819
819
818
817
817
816
814
811
808
805
799
796
793
792
793
793
792
792
790
790
787
787
785
786
788
792
794
802
808
818
821
827
833
840
841
844
847
855
861
866
870
875
875
876
879
881
883
888
889
888
895
896
896
898
898
899
896
894
894
894
894
896
898
899
904
904
907
904
903
903
902
902
903
903
908
910
914
914
913
914
915
913
911
909
909
908
909
908
913
914
915
914
912
909
907
908
907
906
909
908
909
909
907
906
907
906
909
906
908
907
905
903
901
903
903
903
902
901
902
903
901
899
902
906
909
911
912
914
911
911
912
915
917
916
919
918
917
918
914
914
910
908
907
904
904
906
903
904
903
903
904
903
901
902
899
899
900
900
900
902
899
899
901
902
900
898
897
896
897
897
900
900
903
900
906
909
907
908
908
905
905
902
900
911
929
960
998
1048
1105
1163
1223
1275
1312
1334
1335
1331
1314
1284
1231
1150
1050
962
897
869
866
876
887
898
903
905
900
894
886
882
879
877
875
875
874
872
869
868
866
865
863
863
860
856
856
857
859
860
862
862
861
863
860
859
857
857
859
859
859
863
864
866
862
860
858
857
856
853
853
852
851
851
851
850
847
845
841
840
838
835
832
831
830
828
827
826
822
819
813
809
806
801
798
795
794
791
790
786
785
783
781
778
775
773
773
770
774
775
779
783
788
792
798
803
808
812
821
826
837
842
850
856
862
869
872
876
877
880
885
888
892
893
894
898
897
896
894
893
892
890
893
894
895
894
895
894
893
892
892
889
892
892
893
894
897
899
903
905
904
904
903
903
902
905
905
902
905
905
905
908
910
909
911
911
910
910
913
912
915
917
918
918
919
918
913
915
913
913
910
911
910
910
909
908
905
902
900
900
896
897
898
897
898
898
900
901
900
902
902
899
897
897
897
896
899
899
903
901
899
901
902
900
902
899
903
902
906
908
908
909
912
912
911
911
908
908
909
909
910
911
911
913
909
909
911
907
904
905
905
904
902
898
894
893
890
901
920
949
986
1032
1086
1139
1202
1252
1293
1315
1318
1307
1282
1237
1164
1071
977
903
866
853
860
873
886
890
891
883
880
874
873
874
877
878
880
880
879
876
877
874
872
871
870
870
871
872
866
866
865
865
864
863
858
857
856
856
856
856
856
856
853
853
848
847
844
842
841
839
841
841
842
842
839
839
836
834
832
831
832
829
827
827
831
829
828
827
824
822
817
813
811
809
807
803
804
804
799
798
795
791
788
784
782
781
780
778
781
780
778
781
782
784
788
791
797
802
809
815
823
832
837
841
846
851
853
856
862
867
867
872
879
886
886
889
888
888
885
886
887
890
892
892
894
897
898
897
895
892
893
893
892
895
895
896
898
899
898
897
896
894
895
895
893
894
897
897
900
899
899
900
897
897
895
893
896
896
898
901
902
902
904
905
904
900
902
900
902
901
905
902
906
907
908
908
905
901
900
901
902
900
901
901
902
907
907
906
906
904
903
900
898
895
897
895
895
899
900
899
899
900
899
900
902
901
903
902
903
905
902
902
901
900
898
898
899
898
901
901
904
905
904
902
903
901
900
899
898
900
902
903
903
904
905
905
903
903
903
901
900
900
899
899
899
901
900
901
901
900
897
896
894
891
888
884
888
902
925
961
1004
1057
1109
1170
1229
1277
1309
1323
1328
1314
1287
1244
1176
1084
987
911
868
851
859
873
888
896
899
896
888
881
877
874
875
875
876
875
874
875
873
870
869
864
861
861
862
862
862
861
861
860
857
857
856
852
852
849
850
847
848
844
845
846
843
843
841
838
836
832
830
829
830
831
832
832
828
827
828
822
821
823
821
821
821
822
822
823
824
824
823
819
815
812
809
807
802
801
799
801
797
793
791
787
782
780
776
778
779
777
780
783
786
787
791
794
798
803
809
817
826
834
841
844
851
857
863
866
867
871
872
876
880
884
887
888
890
890
888
890
888
885
886
888
888
888
887
887
886
884
885
884
884
886
891
892
895
895
900
904
902
905
905
906
903
903
902
901
906
904
906
906
906
903
902
901
902
903
902
903
903
901
903
904
903
903
902
901
901
898
896
896
899
897
897
898
896
893
890
889
883
881
883
884
884
884
885
887
889
893
889
889
893
893
896
896
898
899
901
901
901
901
899
896
896
895
894
896
897
896
898
899
900
898
896
892
892
890
889
890
892
893
893
895
895
894
895
894
893
888
886
886
887
888
889
886
883
883
881
879
880
879
881
883
886
888
893
897
898
900
901
902
899
898
901
901
902
901
905
909
909
910
910
907
906
906
904
906
908
906
909
909
909
908
904
901
899
899
900
902
903
900
900
900
898
895
899
914
939
972
1014
1061
1112
1165
1214
1256
1281
1297
1297
1287
1265
1229
1172
1096
1009
931
885
864
865
873
884
893
896
892
888
883
879
880
880
881
880
880
878
877
874
870
870
870
867
868
868
869
867
869
866
865
862
857
855
852
855
853
851
851
849
844
843
838
836
834
833
833
833
834
832
834
833
831
830
828
827
826
826
825
826
825
826
825
826
824
821
818
814
812
807
806
804
805
802
801
799
796
793
785
782
779
778
777
776
776
778
778
778
777
780
779
782
785
791
795
804
810
818
825
829
836
840
844
848
854
858
862
867
871
871
877
879
882
881
881
882
883
885
888
890
892
891
894
892
893
892
893
891
890
891
891
893
894
895
896
897
898
898
896
890
890
888
892
891
894
894
895
894
894
895
896
895
895
895
898
900
902
903
902
902
904
898
899
897
894
894
894
897
898
900
902
902
903
902
899
897
895
898
899
902
903
903
904
903
904
903
901
900
900
901
902
900
901
902
904
906
904
903
902
898
896
894
894
894
897
895
899
896
895
896
895
894
893
894
894
896
896
895
897
896
894
894
892
889
887
888
889
889
889
893
896
898
899
899
902
900
903
905
906
906
907
911
912
913
913
914
913
911
910
910
910
911
908
907
908
915
930
959
993
1033
1077
1129
1179
1226
1266
1291
1301
1298
1284
1260
1219
1154
1074
987
921
884
874
876
886
894
901
900
897
890
885
881
874
875
873
872
869
866
860
857
853
852
851
851
852
855
857
858
861
863
864
864
864
863
862
859
858
859
861
861
864
862
862
858
856
856
855
853
854
854
854
853
854
853
851
847
846
847
845
844
843
841
842
843
843
841
840
839
835
831
827
823
822
819
817
816
816
812
805
800
793
788
781
780
777
773
771
771
772
773
769
775
773
776
777
779
783
790
795
803
811
819
825
831
835
837
840
847
852
859
866
870
874
879
880
883
882
882
883
883
885
887
889
888
893
894
895
892
891
887
889
889
888
888
892
894
892
893
893
889
886
885
882
882
882
884
888
891
895
896
897
899
897
900
902
903
904
909
909
908
912
911
914
912
912
910
910
907
910
910
911
912
912
911
914
912
908
907
905
904
905
906
905
904
905
906
904
903
900
899
898
899
896
897
896
898
897
898
895
894
888
886
884
880
879
879
880
881
883
888
888
889
886
889
889
891
893
896
899
900
905
905
905
904
902
901
901
902
904
904
905
906
908
909
907
905
904
903
901
902
902
901
903
903
904
904
904
904
897
897
898
899
899
902
901
901
901
901
898
893
889
890
897
915
943
983
1027
1076
1133
1185
1232
1272
1293
1301
1293
1279
1253
1213
1152
1074
994
928
888
874
873
883
887
895
893
892
889
887
886
884
883
881
878
876
875
871
871
870
869
870
869
867
865
862
861
859
855
854
855
853
852
854
853
853
850
847
846
843
839
840
837
836
834
834
832
830
827
827
828
825
825
826
828
829
829
828
830
829
829
828
827
824
822
820
818
819
817
817
817
815
810
809
805
800
798
794
791
791
788
787
787
784
777
775
773
770
765
765
765
765
768
770
774
777
780
783
786
788
792
796
800
805
811
817
824
830
833
838
838
841
845
849
853
861
865
869
873
876
874
876
879
875
874
877
878
882
884
886
886
890
887
889
887
886
885
885
887
886
888
887
889
893
893
892
889
890
890
891
891
892
894
896
897
896
895
892
889
888
885
884
882
881
880
882
882
882
879
878
880
878
878
883
885
884
887
884
886
885
883
882
881
881
881
880
881
879
880
882
885
883
883
882
881
881
880
879
882
885
886
888
887
888
886
885
886
889
886
886
887
888
890
892
893
892
890
890
887
885
879
879
887
906
932
968
1008
1055
1107
1162
1210
1251
1273
1287
1285
1270
1244
1197
1129
1041
954
892
858
848
854
868
879
884
885
882
878
875
872
871
869
867
865
864
861
862
860
860
860
860
858
855
851
849
847
845
845
846
847
848
849
847
844
842
836
833
834
831
831
831
834
832
838
839
839
837
837
836
833
834
832
835
833
832
831
830
829
826
822
821
819
818
816
814
813
812
811
808
808
804
800
798
793
790
788
786
786
785
783
783
780
777
771
772
770
766
770
768
772
776
777
780
784
788
789
792
794
800
804
810
815
821
829
835
840
845
851
855
856
860
862
867
868
868
871
870
871
871
871
868
868
868
871
873
877
877
878
879
881
881
881
879
881
880
880
883
885
884
887
889
887
886
887
884
885
884
884
885
886
885
886
885
881
879
877
875
873
872
873
873
875
875
878
879
878
877
877
877
879
880
882
884
885
886
886
886
881
879
878
876
875
872
873
874
878
878
878
878
878
877
874
875
875
875
873
877
876
877
879
879
878
876
877
874
873
873
872
873
873
867
869
870
869
868
869
871
871
871
874
874
879
881
882
882
882
882
878
878
879
877
877
877
879
880
881
878
879
879
877
877
875
876
876
880
880
879
880
883
881
880
879
879
878
878
880
880
879
881
883
884
882
883
880
880
879
880
879
881
883
886
887
888
886
884
879
877
885
902
929
967
1018
1070
1127
1183
1232
1269
1289
1294
1282
1266
1234
1183
1106
1018
939
883
855
850
854
863
869
875
871
870
866
862
861
862
862
860
855
856
852
849
848
849
850
849
847
845
839
838
833
832
829
828
830
830
829
827
830
830
832
831
830
828
826
824
824
825
826
826
826
823
821
822
818
815
812
810
809
807
811
809
809
805
805
803
801
799
794
790
789
788
788
787
786
786
782
780
777
772
768
763
761
757
755
755
754
754
754
751
750
751
754
759
764
769
778
783
792
796
802
810
817
823
829
834
838
844
848
853
859
860
865
867
866
867
867
867
869
871
875
877
878
881
878
877
876
877
875
877
876
880
883
883
886
885
887
884
881
879
877
877
876
875
883
881
881
880
879
878
877
878
879
881
883
887
888
891
897
900
898
898
901
898
896
895
893
894
893
894
896
895
892
894
891
889
886
887
888
886
888
888
888
889
888
888
886
885
885
884
883
881
883
885
887
886
885
884
882
877
875
872
871
871
870
875
875
876
876
880
881
882
883
885
885
887
891
894
895
894
893
894
892
888
889
885
885
886
889
888
891
890
890
892
890
887
886
885
889
890
890
890
892
894
893
893
892
892
890
889
891
890
890
892
892
892
891
887
882
878
878
886
901
928
968
1013
1066
1121
1175
1225
1260
1279
1284
1274
1255
1221
1169
1095
1007
928
876
851
848
859
872
881
886
886
881
874
871
867
867
868
867
864
864
860
859
859
860
860
860
862
862
859
857
856
854
856
856
857
857
858
860
858
858
855
852
849
847
845
846
845
844
838
837
834
827
827
822
821
822
821
819
821
822
823
823
824
823
820
818
814
810
809
807
802
803
801
802
799
796
792
788
784
781
776
774
771
772
771
771
767
763
760
758
757
755
754
755
757
761
765
769
771
777
784
790
796
805
814
818
825
831
837
840
844
846
847
849
850
857
857
859
862
869
871
876
878
878
879
878
877
876
875
873
875
877
877
879
878
880
877
876
877
876
874
874
872
875
877
879
881
879
880
876
876
875
878
880
881
882
883
886
888
886
886
886
882
881
883
883
884
885
886
886
885
887
887
887
888
888
889
889
891
893
893
894
897
898
898
896
896
895
894
896
895
897
897
897
897
893
893
891
889
889
889
889
889
890
889
887
882
878
873
879
891
917
956
1003
1057
1120
1184
1240
1285
1309
1319
1309
1291
1256
1198
1114
1016
930
872
853
850
861
872
882
885
883
878
874
872
872
875
879
877
875
873
873
868
866
865
863
863
865
861
863
862
857
855
851
848
845
843
844
843
842
841
840
839
837
834
831
828
824
824
823
821
822
822
825
823
824
822
819
815
815
814
815
814
817
814
816
816
814
809
807
803
801
797
798
799
797
796
793
793
789
783
779
775
775
772
770
768
766
769
771
769
770
773
773
779
782
787
793
800
807
815
820
823
830
835
838
839
842
844
847
850
855
861
865
867
868
868
868
867
870
871
871
870
874
877
875
878
879
882
882
882
883
882
882
883
884
885
887
887
886
886
884
885
881
878
877
875
877
877
879
878
879
876
876
874
871
869
870
872
872
873
875
875
874
872
873
870
870
872
871
875
874
874
876
876
876
877
877
874
875
875
877
878
877
879
881
882
882
881
880
880
881
876
878
876
880
877
877
877
873
875
875
875
874
874
877
879
879
876
880
878
878
876
874
872
870
868
868
871
873
875
877
877
879
875
875
872
872
871
873
874
875
877
878
879
877
877
876
876
876
876
878
878
880
882
884
882
881
880
882
880
879
877
876
879
881
881
880
881
879
877
879
877
874
874
873
872
872
873
875
876
874
874
875
871
874
874
873
873
873
875
877
880
875
874
873
872
872
874
874
873
874
878
881
881
876
874
872
872
870
869
872
873
873
874
877
879
879
876
875
875
873
873
874
872
876
875
876
875
876
880
877
875
876
875
876
877
879
877
878
879
876
874
873
871
871
870
870
870
874
873
875
877
875
879
878
879
877
877
878
880
881
884
886
887
886
886
885
883
878
876
873
868
865
862
874
897
925
964
1007
1062
1120
1177
1230
1270
1296
1302
1298
1278
1245
1188
1102
1006
917
862
836
832
848
862
874
876
874
869
860
853
847
845
845
846
844
843
844
843
842
841
840
840
837
836
835
837
835
835
837
837
835
833
832
831
828
826
826
825
825
821
822
821
819
817
817
814
813
811
811
812
814
812
814
815
815
817
819
819
818
818
819
815
818
817
815
813
806
803
797
794
791
789
787
786
785
783
782
779
777
773
767
761
758
753
754
752
751
748
750
745
746
744
744
743
744
746
748
753
757
761
765
772
779
786
786
793
799
804
809
815
820
829
835
838
838
845
846
849
850
856
860
862
866
868
870
874
877
876
879
879
877
879
879
879
881
884
886
887
884
885
888
887
885
882
881
878
880
881
880
883
885
886
885
882
882
880
883
880
879
881
880
885
883
882
878
875
875
875
874
877
876
878
880
879
879
879
878
879
876
877
879
880
881
879
885
887
886
884
884
884
880
880
881
882
883
887
888
886
885
883
882
876
874
875
876
875
876
876
877
878
878
879
875
874
873
873
874
873
872
871
874
877
876
872
870
867
865
862
863
862
863
865
866
868
871
872
873
875
874
874
876
875
877
880
882
883
885
886
884
883
882
880
882
883
886
887
890
891
891
891
891
885
882
876
875
874
886
909
944
989
1043
1101
1164
1220
1269
1301
1316
1315
1301
1271
1223
1151
1056
957
880
836
822
828
841
854
862
862
858
853
850
851
850
853
852
852
854
853
852
851
851
852
850
852
850
850
846
846
848
846
846
847
847
845
843
842
839
835
830
829
830
827
827
825
826
825
823
820
815
814
811
811
811
810
808
809
809
810
806
803
801
799
795
793
792
793
792
792
794
796
796
794
790
785
785
784
783
781
779
775
775
770
766
760
761
758
756
754
757
758
762
764
767
772
775
782
787
791
794
799
803
807
815
820
825
831
836
839
841
842
843
845
846
848
851
853
855
857
858
859
855
855
855
857
859
860
861
865
867
870
868
869
867
869
869
874
877
880
882
886
889
890
890
890
889
888
887
885
886
883
885
886
886
887
885
884
884
883
882
881
878
881
881
883
886
885
884
883
880
878
875
877
877
873
878
877
879
882
882
880
878
876
874
875
875
878
878
879
881
883
881
880
880
877
876
876
876
876
876
874
875
874
875
874
874
875
875
876
877
879
881
881
883
886
885
886
885
884
885
885
885
885
884
885
886
888
887
887
885
882
880
881
882
882
883
882
883
883
883
882
881
878
877
876
877
877
878
879
879
880
883
882
881
880
881
881
883
882
883
884
884
883
882
880
876
874
870
869
870
870
871
873
878
881
885
890
889
892
889
889
891
888
893
894
894
898
894
896
894
893
889
888
889
888
891
892
892
893
893
888
887
885
886
884
883
882
883
885
885
887
887
889
888
888
886
883
884
880
883
879
878
878
874
874
869
870
869
866
867
869
874
880
883
887
887
889
890
890
888
889
894
894
897
898
897
897
893
887
884
889
905
934
976
1028
1086
1147
1208
1260
1296
1319
1326
1318
1302
1271
1217
1141
1045
957
896
864
857
860
870
877
879
876
874
866
861
857
861
861
858
857
851
848
845
842
841
841
845
849
852
854
854
854
851
850
845
846
847
848
848
848
849
848
850
849
846
844
842
838
839
837
838
839
838
840
838
837
832
830
827
824
821
819
817
818
820
818
813
814
813
812
809
806
803
801
800
799
797
795
792
790
784
780
775
770
767
761
759
755
753
751
747
748
745
747
744
745
748
751
757
758
764
770
774
781
788
791
795
800
806
813
819
824
831
837
840
845
848
849
852
853
857
860
866
867
874
875
877
878
879
878
878
876
876
879
879
881
882
886
884
884
881
883
886
881
883
884
888
890
890
889
889
889
891
889
890
890
892
893
897
900
902
906
907
910
907
908
906
906
906
905
905
904
908
908
905
907
903
901
899
896
898
898
899
901
902
901
899
895
891
889
898
918
953
1000
1054
1109
1165
1219
1263
1296
1316
1320
1311
1292
1262
1214
1138
1043
958
899
867
858
864
874
881
884
886
886
882
882
884
887
885
884
883
881
878
873
873
868
869
867
869
868
866
865
862
858
855
851
851
851
848
850
850
850
851
847
847
844
841
840
841
842
840
843
843
841
841
841
837
835
830
828
825
824
822
823
825
825
824
825
823
822
821
822
819
818
820
819
818
818
816
814
813
810
807
804
801
801
799
797
796
796
794
792
792
788
789
790
793
798
803
810
817
823
829
836
839
844
848
852
856
862
866
869
873
876
877
878
877
874
874
874
871
872
871
873
873
875
873
876
877
876
875
878
880
885
888
890
893
894
896
895
893
892
890
889
887
886
886
887
888
888
885
885
883
878
880
881
879
882
882
882
882
882
884
883
883
882
882
879
880
880
885
883
885
888
888
887
886
883
881
878
877
874
874
875
882
885
888
888
888
890
890
888
892
894
895
898
898
898
897
898
897
893
893
893
892
892
893
895
895
894
892
891
885
887
884
883
883
884
887
886
886
887
886
886
886
885
884
885
886
887
888
889
891
887
884
883
885
900
923
954
996
1041
1093
1148
1204
1253
1286
1301
1308
1297
1278
1241
1183
1105
1014
929
873
849
845
852
864
871
875
874
872
869
866
864
865
866
867
867
866
864
860
859
854
852
850
851
850
851
849
847
845
842
842
838
837
838
837
835
836
834
831
835
832
832
830
827
827
829
827
825
827
827
827
826
824
820
821
820
820
819
823
824
825
827
825
820
817
816
812
808
806
803
802
800
797
795
793
791
785
778
777
774
771
768
767
766
765
765
766
766
765
765
768
768
768
777
780
786
792
800
806
810
816
819
823
825
832
839
844
851
855
859
862
867
869
868
872
872
875
875
879
881
881
882
882
883
884
883
882
882
883
884
884
885
888
890
890
892
893
893
888
886
888
888
890
891
891
893
891
890
890
887
883
880
879
876
878
880
881
885
883
886
883
881
881
882
884
888
888
890
892
894
893
893
893
894
893
891
892
895
895
897
898
896
894
895
891
890
890
886
887
890
893
891
892
892
893
891
887
887
884
884
884
885
886
887
885
886
886
884
886
884
884
883
883
884
886
886
887
890
891
889
888
888
888
888
890
891
894
894
896
897
895
896
896
896
895
895
892
892
894
895
898
899
900
897
898
896
894
892
891
894
896
894
895
897
896
893
894
894
893
893
894
892
894
894
895
896
894
893
892
890
892
890
891
894
894
895
896
896
895
896
897
895
895
893
894
894
893
892
894
896
896
896
894
893
894
893
893
893
895
896
895
898
896
895
894
892
891
890
888
890
890
891
893
891
893
891
890
886
887
886
885
885
886
887
888
889
891
893
892
894
893
893
896
895
896
898
899
900
901
903
901
903
902
902
904
906
906
906
905
903
900
897
896
898
914
941
978
1025
1081
1138
1195
1247
1289
1311
1318
1311
1291
1254
1193
1108
1012
933
881
859
860
868
878
886
888
885
882
876
872
873
874
878
877
879
876
874
873
870
867
868
869
870
870
871
870
869
866
864
862
860
860
856
857
857
856
855
851
850
845
844
841
840
839
838
838
836
835
833
832
829
824
821
819
817
816
818
816
818
817
815
811
812
811
807
804
800
799
797
797
796
794
792
791
787
787
782
779
776
774
773
773
772
773
772
774
776
775
775
776
778
783
787
791
799
808
817
824
833
838
840
848
851
858
863
863
867
871
875
878
882
885
887
889
888
886
888
889
893
892
894
894
893
895
895
896
893
896
896
897
898
898
899
895
899
897
896
895
895
896
894
896
898
900
900
902
900
901
899
901
901
899
899
899
904
908
909
910
910
909
911
907
905
906
905
907
910
912
913
914
914
914
911
910
908
908
907
906
909
906
909
909
909
907
905
903
903
901
900
901
904
904
906
904
904
901
898
896
895
896
896
897
898
899
900
900
900
898
898
900
897
898
898
901
899
899
902
900
899
898
897
898
895
893
894
893
895
894
897
899
901
901
898
897
899
899
901
899
902
902
901
900
899
897
895
897
895
896
897
897
898
902
904
906
904
904
905
901
901
900
904
904
907
906
910
910
907
903
902
900
897
896
897
911
930
966
1009
1059
1117
1175
1229
1274
1299
1311
1304
1282
1240
1179
1093
1003
929
885
871
871
881
890
896
896
893
888
884
879
878
875
874
871
869
868
865
866
867
867
870
870
868
867
864
864
857
858
857
858
858
859
859
857
858
857
856
854
853
853
854
853
850
850
852
851
850
849
848
847
845
844
844
846
844
843
843
842
840
838
833
828
823
820
819
816
817
814
813
813
809
806
803
800
796
793
792
790
791
790
789
790
788
786
783
779
780
780
781
784
788
790
797
799
804
809
813
818
824
830
835
840
845
850
856
860
866
866
868
870
871
873
876
877
880
884
885
885
885
885
883
882
881
882
884
885
886
887
891
891
891
892
894
890
889
891
891
891
893
895
896
894
896
896
893
893
892
893
894
893
894
896
895
894
894
891
891
888
887
889
890
893
893
896
896
898
899
895
894
895
891
894
895
895
894
897
896
896
898
898
894
896
898
898
895
897
897
898
900
902
901
901
902
900
899
899
902
901
903
907
908
909
907
906
905
906
902
900
902
902
901
900
904
911
927
953
986
1026
1070
1120
1174
1222
1263
1289
1300
1300
1287
1261
1218
1155
1074
987
921
877
864
869
879
890
894
895
894
889
885
883
883
884
885
883
884
882
878
877
874
874
870
869
870
870
871
872
873
873
869
868
865
861
859
859
857
855
856
853
855
854
851
848
845
843
843
841
840
840
842
843
844
842
843
843
840
836
834
833
834
830
833
831
834
833
833
829
825
822
818
816
814
813
814
814
813
809
806
803
797
795
791
790
787
785
786
789
790
793
795
798
800
806
811
816
819
827
834
839
845
849
852
857
860
863
864
867
869
870
872
873
876
880
881
880
881
879
880
880
882
884
886
887
888
889
889
890
888
889
890
890
895
895
896
898
900
899
898
896
894
893
891
892
890
890
891
892
894
889
891
890
887
889
887
888
890
890
891
891
891
892
892
888
888
887
886
883
884
883
885
886
886
889
886
886
882
882
880
881
882
883
885
886
888
888
888
889
889
888
886
885
886
886
890
888
890
889
888
888
885
884
884
883
884
884
886
888
890
890
890
890
888
889
887
885
885
887
886
887
886
889
889
889
887
885
886
885
882
886
886
886
889
889
889
887
888
887
887
888
889
888
892
892
895
896
894
895
893
890
892
892
888
889
890
891
894
894
893
891
889
891
891
887
888
888
888
889
891
889
888
889
888
888
888
884
886
888
889
887
888
889
889
886
887
886
887
884
882
882
884
884
885
886
884
885
886
886
885
886
886
886
888
889
889
891
890
892
891
891
888
888
891
890
895
897
896
896
892
893
888
887
887
888
890
894
897
899
900
901
899
899
897
897
896
894
894
895
896
892
896
894
892
891
891
888
889
888
890
890
891
892
894
893
891
891
890
893
889
888
894
894
895
898
898
896
896
896
895
892
891
891
889
890
891
891
893
892
893
892
893
894
895
897
898
900
904
904
906
907
906
908
907
906
903
899
896
893
890
890
900
918
948
988
1034
1089
1147
1208
1262
1306
1331
1341
1337
1321
