972
972
972
972
972
972
972
972
995
989
969
948
943
947
962
976
973
959
949
955
978
1000
1012
1000
980
954
951
957
972
989
1003
996
984
977
965
945
926
929
945
961
972
982
984
992
1005
1016
1020
1017
1006
990
976
968
964
967
969
975
987
1004
1013
998
965
944
955
970
973
973
981
989
993
989
977
961
957
962
972
972
963
956
968
983
992
981
956
956
991
1032
1060
1070
1076
1075
1079
1110
1164
1224
1281
1317
1330
1320
1301
1293
1295
1298
1289
1276
1258
1229
1190
1155
1128
1108
1096
1072
1024
973
945
944
966
987
991
967
938
925
927
941
951
956
950
930
917
911
917
924
936
942
942
923
893
870
869
900
934
943
931
917
909
914
920
922
926
933
922
896
886
901
925
936
943
952
956
939
910
901
919
939
940
938
944
953
951
945
944
953
958
956
958
961
969
981
997
1009
1008
1013
1018
1020
1017
1015
1014
1010
1011
996
982
974
983
1022
1049
1040
1014
990
979
968
956
960
973
994
1015
1022
1022
1031
1027
993
933
893
896
931
966
975
972
969
969
968
960
943
936
948
979
997
989
974
960
958
972
993
1000
988
962
950
958
964
944
924
916
922
946
980
999
991
964
949
950
948
944
947
956
960
963
974
989
995
990
974
960
955
960
984
1010
1010
983
960
960
977
993
993
978
972
981
990
998
1004
1002
990
978
970
971
978
987
992
990
986
987
992
989
981
973
965
964
981
996
1002
994
982
975
988
1007
1015
999
968
937
929
944
971
989
988
978
981
996
1002
991
975
966
966
968
969
979
984
982
971
968
977
985
987
984
987
999
1014
1028
1024
1006
990
983
988
1006
1019
1012
989
981
989
993
995
1008
1027
1026
1004
988
988
1002
999
983
977
986
999
1000
998
1003
1017
1018
992
959
958
976
987
983
986
993
994
993
986
988
999
1005
1003
1013
1020
1011
995
983
987
997
999
993
987
996
1008
1020
1022
1018
1017
1021
1023
1020
1003
984
977
987
993
995
1009
1018
1013
1007
1006
1014
1030
1051
1062
1061
1058
1058
1056
1049
1047
1073
1118
1162
1196
1232
1277
1321
1358
1376
1387
1384
1367
1350
1351
1349
1331
1299
1266
1237
1204
1160
1090
1031
1008
1008
1007
1009
1010
1000
970
935
914
911
930
964
980
963
924
895
892
907
924
935
933
931
931
924
930
938
944
937
929
932
935
929
914
896
893
902
915
929
939
945
942
941
932
929
931
937
943
948
949
948
945
940
933
926
922
929
941
953
956
955
954
964
984
1003
1015
1011
991
974
967
981
1010
1036
1043
1017
994
1006
1036
1051
1036
1002
981
991
1008
1016
1013
1018
1019
1016
1017
1008
1004
1014
1035
1039
1024
997
984
994
1010
1020
1026
1027
1032
1021
1005
987
986
993
1004
1012
1019
1023
1027
1030
1029
1028
1021
1015
1008
1007
1006
1007
1008
1003
1004
1006
1019
1022
1016
1006
1003
1013
1022
1019
1006
996
986
979
982
1002
1014
1013
1010
1015
1009
1000
999
1019
1044
1059
1041
1005
984
980
992
1005
1013
1010
1009
1009
999
984
972
988
1011
1027
1028
1014
993
981
989
1013
1038
1046
1026
1002
986
984
990
1005
1013
1014
1014
1012
1007
999
998
1003
1014
1025
1022
1010
1000
999
1017
1037
1043
1040
1027
1012
1008
1030
1064
1086
1091
1091
1104
1120
1142
1173
1219
1267
1304
1320
1316
1308
1309
1315
1326
1333
1332
1292
1238
1194
1171
1152
1105
1043
995
985
990
991
977
957
946
951
953
950
940
933
932
939
943
948
951
951
951
949
942
935
937
948
953
951
951
963
960
932
906
897
911
925
930
928
931
940
950
947
944
929
917
920
936
955
975
987
979
966
960
967
974
971
958
952
962
993
1011
993
960
957
977
1000
1008
995
978
970
985
1016
1035
1034
1014
1001
995
1006
1017
1024
1021
1020
1016
1005
995
998
1000
997
999
1004
997
981
969
977
993
995
983
953
933
941
967
984
979
965
955
951
952
955
960
960
960
963
976
985
977
958
949
955
971
988
994
985
978
975
963
952
948
954
975
987
989
987
976
967
963
963
977
987
986
977
977
993
1011
1008
990
968
960
960
963
975
989
994
989
977
962
956
960
970
978
969
950
947
961
974
974
971
976
984
981
966
957
966
975
978
978
976
981
990
997
1021
1042
1061
1061
1061
1072
1089
1125
1188
1244
1262
1254
1241
1240
1253
1268
1280
1275
1244
1191
1135
1085
1054
1043
1042
1035
1006
966
937
931
937
951
967
971
955
933
917
920
935
948
932
901
888
891
908
914
917
914
918
919
915
911
907
908
911
918
926
932
928
910
904
911
930
935
932
925
931
949
963
951
928
906
903
918
923
939
955
964
960
949
944
938
934
946
967
973
961
961
968
972
969
972
987
1000
995
984
983
992
998
989
972
961
965
975
986
999
1005
1000
978
955
956
969
971
967
966
975
976
975
984
1003
1018
1007
970
945
964
1004
1010
979
950
956
987
1022
1035
1016
982
962
949
940
932
933
948
958
954
955
978
1013
1039
1058
1075
1093
1104
1148
1183
1197
1187
1177
1171
1145
1104
1067
1043
1021
988
963
951
949
943
937
923
907
896
899
922
943
954
946
923
907
901
903
897
886
885
894
904
910
908
912
909
904
910
917
917
915
917
932
957
960
937
912
893
892
912
928
933
935
943
958
970
969
958
949
950
950
945
953
969
982
983
985
986
979
965
946
938
939
947
958
971
973
965
960
962
966
968
961
957
950
950
954
965
976
974
970
962
942
913
902
919
937
939
942
946
950
950
947
940
936
938
941
937
941
954
960
945
922
916
938
951
942
929
916
915
924
941
943
938
932
927
920
926
934
940
938
932
928
936
940
925
910
914
920
910
901
909
924
932
933
921
913
909
919
920
932
939
938
921
907
906
907
916
931
933
928
927
927
919
905
905
932
967
966
925
889
877
884
897
903
896
898
907
911
923
930
922
915
930
944
918
879
871
894
902
901
907
910
916
924
917
889
865
853
852
864
892
907
909
908
899
900
902
903
907
909
918
922
928
925
920
919
928
932
923
922
924
913
890
883
903
931
946
932
900
874
871
898
927
933
925
912
905
902
896
891
902
920
940
942
930
907
893
891
897
907
907
901
913
931
941
949
963
983
1002
1031
1078
1118
1147
1208
1282
1317
1303
1266
1249
1258
1287
1311
1288
1223
1159
1112
1064
1010
960
938
916
886
875
894
900
882
859
856
865
862
849
837
836
846
864
870
854
817
788
788
806
818
814
808
815
827
838
837
831
819
807
803
807
813
816
827
834
838
837
837
846
852
843
831
829
845
860
856
835
816
823
841
859
867
862
849
838
845
862
883
896
895
878
865
866
880
894
910
928
945
953
939
915
900
894
886
879
880
888
897
896
895
906
925
935
929
919
916
917
916
915
915
922
929
941
956
959
957
948
935
920
918
935
943
920
897
896
916
933
945
948
942
931
927
930
929
927
933
946
963
975
989
980
946
911
892
889
888
890
909
926
935
933
925
924
919
915
912
918
936
944
938
938
959
982
980
959
940
928
931
948
964
962
948
935
927
924
936
953
954
939
918
914
930
949
949
936
927
934
937
942
950
974
998
1007
982
946
919
920
942
969
980
993
1011
1016
990
952
959
1005
1053
1072
1065
1063
1083
1122
1182
1246
1295
1305
1295
1296
1317
1336
1334
1297
1233
1196
1183
1153
1094
1036
998
981
965
941
921
913
922
934
935
918
904
914
939
951
935
916
912
914
919
922
916
914
911
902
902
915
936
933
908
887
892
905
907
902
909
915
917
925
941
946
944
938
940
947
964
982
973
952
951
966
967
958
962
984
1003
996
978
974
981
990
989
995
1013
1026
1028
1020
1020
1016
1005
990
991
997
995
993
999
1012
1023
1016
1006
996
995
989
987
993
997
995
1000
1010
1019
1012
994
979
972
982
987
992
984
976
977
991
1000
1003
1000
981
969
976
997
1001
995
991
996
1004
1010
1000
980
975
994
1003
998
1004
1018
1033
1043
1048
1044
1014
971
958
976
990
991
995
1008
1017
1017
1009
994
986
996
1008
1010
1004
1004
1012
1023
1020
1012
1008
1009
1011
1022
1040
1059
1056
1030
1013
1018
1034
1048
1032
1001
995
1010
1027
1041
1039
1031
1032
1041
1049
1050
1047
1031
1025
1029
1060
1104
1107
1064
1025
1014
1036
1066
1079
1067
1036
1006
1007
1028
1044
1053
1049
1030
1024
1019
1021
1020
1024
1032
1029
1027
1024
1023
1025
1037
1064
1075
1052
1019
1019
1067
1125
1142
1115
1081
1077
1095
1133
1177
1236
1303
1353
1392
1409
1417
1417
1404
1385
1374
1357
1332
1301
1261
1216
1149
1080
1032
1013
1008
1008
1004
1001
1001
994
993
980
977
985
999
1004
1002
998
989
980
974
986
1012
1034
1029
1002
970
961
966
978
986
1000
1010
1014
1003
984
958
949
968
996
1011
1012
1021
1035
1026
991
972
979
1000
1014
1032
1041
1049
1054
1063
1072
1052
1022
998
1006
1032
1052
1052
1041
1049
1072
1087
1074
1047
1013
1006
1027
1050
1073
1097
1097
1070
1047
1040
1066
1098
1109
1104
1110
1125
1115
1077
1048
1041
1042
1040
1035
1030
1036
1043
1039
1039
1057
1085
1097
1086
1061
1052
1057
1059
1036
1016
1030
1063
1081
1077
1066
1067
1071
1077
1080
1079
1077
1075
1072
1069
1082
1116
1147
1157
1140
1098
1049
1020
1023
1029
1036
1047
1059
1084
1101
1105
1116
1140
1169
1200
1206
1195
1195
1237
1296
1339
1348
1313
1268
1258
1274
1272
1216
1128
1076
1074
1082
1064
1024
1001
1009
1016
1021
1020
1023
1030
1033
1023
1007
1006
1011
1019
1020
1021
1029
1042
1051
1049
1035
1021
1021
1025
1031
1036
1047
1070
1089
1098
1094
1097
1113
1146
1168
1149
1112
1140
1221
1215
1087
959
958
1032
1096
1121
1123
1108
1102
1108
1125
1136
1127
1116
1114
1111
1106
1107
1105
1101
1102
1098
1094
1088
1086
1085
1073
1058
1061
1070
1072
1074
1069
1062
1057
1060
1066
1067
1066
1065
1068
1078
1090
1111
1121
1115
1096
1088
1096
1101
1083
1077
1090
1104
1088
1041
1004
998
1017
1041
1056
1061
1057
1048
1049
1064
1080
1079
1071
1063
1061
1065
1081
1093
1096
1096
1110
1133
1150
1134
1084
1040
1029
1040
1052
1062
1057
1045
1044
1064
1101
1127
1130
1101
1045
994
977
1004
1049
1076
1088
1087
1089
1091
1084
1070
1046
1032
1027
1049
1083
1124
1150
1147
1116
1051
999
998
1024
1037
1039
1039
1051
1059
1054
1050
1062
1089
1113
1108
1065
1010
984
1001
1032
1056
1064
1073
1101
1149
1192
1167
1073
991
970
993
1001
991
993
1020
1062
1106
1129
1121
1071
1008
976
999
1054
1096
1113
1131
1157
1184
1186
1183
1182
1182
1182
1194
1231
1273
1294
1308
1321
1333
1330
1316
1291
1260
1240
1225
1200
1169
1131
1097
1075
1061
1039
1024
1026
1031
1019
1011
1013
1025
1026
998
974
978
991
989
962
936
935
948
957
958
958
968
985
1001
1012
1009
996
984
987
1010
1016
1001
978
967
980
1002
1022
1035
1031
1009
986
977
986
999
998
992
998
1020
1015
970
915
908
936
965
987
1002
1003
994
983
979
985
998
1007
1017
1022
1021
1017
1017
1030
1039
1035
1031
1035
1037
1034
1029
1024
1033
1047
1059
1068
1080
1083
1060
1031
1010
1015
1054
1112
1137
1103
1042
1009
998
1001
990
992
1001
1020
1039
1052
1057
1046
1019
996
995
1008
1024
1039
1052
1072
1100
1098
1062
1008
997
1050
1115
1142
1105
1045
1009
1015
1040
1061
1060
1036
1011
1004
996
961
909
866
845
838
826
811
801
794
813
853
899
938
953
932
903
883
893
932
976
1007
1045
1088
1123
1113
1080
1060
1064
1060
1037
1006
969
943
944
961
984
1010
1032
1044
1041
1030
1032
1048
1044
1023
1001
992
993
1001
1024
1057
1074
1069
1051
1037
1031
1034
1056
1087
1115
1133
1147
1139
1121
1102
1100
1111
1130
1145
1153
1151
1143
1132
1136
1165
1212
1238
1241
1225
1203
1180
1147
1132
1132
1152
1166
1158
1141
1131
1128
1131
1135
1137
1134
1118
1083
1052
1056
1070
1080
1080
1089
1092
1084
1059
1040
1034
1032
1054
1092
1112
1087
1041
998
986
984
973
955
936
911
876
831
786
750
738
744
759
793
849
908
944
968
996
1020
1032
1032
1025
1011
996
987
977
961
951
962
975
984
990
1002
1017
1026
1019
1001
990
993
992
978
957
956
969
980
970
951
948
961
984
997
996
991
989
1003
1014
1015
1001
997
1019
1065
1103
1105
1071
1029
999
988
983
992
1003
1016
1029
1039
1060
1083
1090
1078
1068
1064
1075
1080
1084
1093
1102
1106
1103
1114
1131
1145
1139
1122
1087
1045
1021
1029
1063
1087
1085
1062
1046
1040
1042
1043
1018
976
961
979
1003
1016
1019
1017
1017
1021
1025
1027
1027
1030
1038
1047
1051
1042
1031
1020
1016
1014
1017
1020
1008
981
957
962
993
1028
1043
1048
1047
1039
1028
1017
999
985
985
1011
1051
1083
1082
1065
1059
1068
1080
1102
1130
1153
1156
1156
1165
1186
1202
1224
1243
1244
1214
1165
1133
1130
1126
1108
1090
1084
1079
1049
989
933
923
970
1037
1065
1028
952
892
874
888
914
939
952
945
923
899
894
906
930
947
957
955
939
923
916
924
939
944
950
953
968
993
1011
1017
1023
1024
1011
982
938
902
889
909
945
974
965
935
914
905
911
934
984
1026
1037
1017
982
962
962
975
990
1005
1025
1032
1020
996
973
971
987
997
998
995
1002
1016
1028
1035
1041
1043
1034
1024
1016
1023
1046
1059
1054
1039
1032
1021
1018
1012
1004
984
959
943
951
973
992
1001
1011
1027
1041
1039
1023
1009
1002
1006
1009
1005
1009
1027
1055
1071
1052
1016
988
1003
1029
1036
1011
981
983
1021
1082
1130
1152
1169
1191
1215
1236
1258
1290
1298
1283
1245
1204
1157
1093
1037
1024
1039
1051
1045
1037
1037
1039
1019
978
934
917
925
928
911
894
889
907
920
930
923
916
918
920
922
929
932
931
928
932
942
954
968
985
987
965
945
949
965
984
979
948
913
895
904
921
934
945
954
962
959
961
962
966
970
977
988
996
999
998
998
997
996
1001
1017
1035
1047
1041
1024
1011
999
985
978
988
1007
1027
1037
1036
1029
1026
1023
1033
1050
1042
1008
968
954
963
977
974
962
964
979
999
1007
1013
1017
1016
1011
1014
1023
1027
1019
1005
1003
1026
1053
1070
1074
1066
1057
1037
1014
998
988
992
997
1018
1065
1122
1165
1190
1201
1220
1244
1265
1282
1283
1259
1227
1211
1198
1164
1092
1005
956
950
962
962
950
932
935
942
950
958
963
954
928
913
922
952
969
957
908
846
832
879
940
958
932
928
949
939
894
860
864
895
924
929
916
913
926
942
939
923
914
897
881
892
912
920
916
907
918
946
984
1002
986
949
921
915
932
936
933
944
961
979
987
971
951
941
967
1013
1041
1018
988
988
1009
1024
1039
1037
1008
967
937
946
991
1018
991
945
932
950
969
968
960
962
984
1000
998
987
980
990
1004
1019
1015
965
905
880
917
970
1001
995
964
929
922
937
956
963
963
973
1000
1021
1022
1002
984
975
994
1041
1081
1094
1100
1124
1164
1198
1226
1255
1280
1287
1292
1290
1270
1237
1214
1204
1184
1123
1025
936
891
892
909
914
908
889
868
846
826
819
830
850
862
865
869
871
872
862
854
846
843
845
854
869
880
888
889
875
849
843
871
929
960
924
847
794
806
849
889
897
890
883
879
857
835
826
829
849
869
875
877
882
891
900
902
908
929
963
981
953
910
885
886
886
881
897
945
978
961
926
909
908
915
917
925
932
931
912
893
887
896
904
904
901
899
899
905
912
918
917
913
916
932
958
967
938
886
843
829
849
877
892
898
906
924
940
942
920
900
887
899
918
913
891
861
847
845
860
880
891
897
896
898
905
910
911
909
905
904
907
909
910
907
909
913
920
924
926
934
941
937
908
881
871
877
886
886
881
898
918
927
906
868
852
857
874
890
897
898
898
892
889
898
909
909
908
920
942
963
971
972
996
1035
1062
1069
1053
1038
1068
1141
1223
1280
1303
1290
1252
1230
1234
1252
1269
1275
1242
1185
1133
1089
1050
999
954
926
910
899
886
885
891
890
884
866
844
846
875
917
950
968
950
882
811
792
812
847
887
906
897
866
827
799
792
806
834
856
856
846
849
856
865
875
882
888
891
893
893
890
885
887
893
898
900
905
899
889
889
916
954
979
945
854
795
823
887
925
926
920
916
923
932
944
949
947
939
943
949
951
940
934
934
936
937
942
946
946
939
941
959
977
974
957
942
955
983
996
999
1000
986
950
927
937
956
963
962
962
974
991
994
990
983
976
952
926
911
921
937
945
939
942
948
955
953
953
961
978
993
990
969
954
945
950
950
932
926
939
951
960
957
954
957
970
977
978
977
971
974
995
1017
1034
1031
1023
1013
1001
973
942
919
924
934
947
957
974
987
989
990
991
988
987
985
987
983
983
984
988
982
976
981
990
992
990
996
1003
1010
1021
1039
1064
1093
1101
1107
1122
1157
1206
1259
1314
1339
1339
1333
1343
1367
1377
1362
1352
1343
1328
1299
1254
1197
1146
1110
1090
1068
1028
977
936
935
966
989
981
950
935
934
926
902
883
886
895
905
909
911
912
927
941
947
937
926
934
946
940
923
915
933
945
928
904
908
933
923
891
875
885
909
931
944
946
946
947
956
971
969
951
942
956
978
998
1013
1017
1011
1005
1007
1003
985
978
987
1003
1016
1019
1006
990
993
1002
1002
998
990
989
994
999
1004
1012
1033
1043
1027
990
969
972
998
1026
1022
989
967
965
966
961
959
967
985
998
994
986
985
992
1005
1025
1038
1038
1018
1004
1005
1025
1038
1046
1054
1080
1124
1180
1241
1285
1323
1349
1347
1330
1302
1278
1266
1260
1237
1210
1187
1169
1144
1107
1071
1041
1011
968
927
921
932
944
945
938
932
929
934
935
925
918
913
913
922
925
934
941
938
925
909
906
913
924
941
960
955
916
871
853
870
897
912
919
925
932
932
936
939
947
950
953
951
957
963
971
972
977
978
983
990
994
999
996
994
1003
1011
1017
1018
1024
1026
1026
1022
1012
1001
992
988
991
996
1000
991
985
981
987
989
990
994
1002
1001
986
972
967
967
963
963
970
974
971
972
975
977
977
981
985
983
978
976
979
987
995
997
989
979
978
980
986
989
986
985
988
991
990
990
990
989
985
992
998
1003
999
991
989
988
991
996
1000
998
991
985
986
985
987
986
988
990
991
989
990
989
989
988
992
993
992
990
990
995
997
995
992
990
992
990
993
993
991
989
989
995
999
997
999
1003
1002
1002
1003
1007
1008
1004
1003
1007
1014
1015
1008
1005
1003
1008
1011
1008
1004
1003
1001
1003
1007
1007
1010
1009
1003
1002
1005
1006
1006
1003
1005
1007
1011
1008
1007
1004
1006
1012
1013
1009
1006
1005
1012
1014
1015
1016
1012
1011
1010
1013
1019
1016
1013
1010
1023
1039
1051
1056
1061
1072
1093
1109
1123
1135
1151
1190
1253
1315
1357
1367
1372
1383
1393
1390
1381
1364
1328
1293
1261
1227
1191
1142
1094
1055
1023
1001
988
985
981
976
970
967
970
972
965
962
959
962
962
960
954
953
958
960
956
959
954
953
955
959
964
963
960
958
960
962
966
965
963
964
967
969
971
970
965
965
967
970
972
978
979
980
980
986
989
988
989
990
998
1001
1006
1007
1012
1013
1018
1024
1033
1036
1038
1044
1050
1056
1062
1062
1064
1064
1065
1070
1073
1073
1070
1067
1066
1068
1068
1069
1066
1065
1066
1063
1063
1064
1062
1058
1061
1065
1068
1068
1063
1061
1065
1064
1068
1066
1062
1063
1062
1065
1072
1078
1082
1093
1107
1123
1130
1122
1101
1090
1081
1068
1042
1021
1016
1022
1028
1021
1002
991
985
979
959
943
931
932
939
940
940
959
986
1010
1021
1022
1016
1014
1016
1021
1029
1041
1054
1063
1065
1073
1078
1075
1068
1069
1064
1055
1045
1039
1039
1043
1045
1043
1040
1043
1045
1053
1051
1053
1054
1054
1058
1064
1072
1076
1078
1082
1093
1103
1110
1111
1116
1124
1133
1140
1147
1153
1158
1162
1170
1179
1190
1197
1199
1205
1217
1226
1231
1242
1248
1253
1257
1262
1268
1274
1273
1273
1276
1276
1271
1269
1260
1249
1243
1236
1232
1221
1210
1197
1194
1186
1177
1169
1159
1151
1142
1139
1134
1128
1120
1111
1109
1110
1107
1103
1097
1094
1091
1087
1089
1088
1083
1078
1081
1086
1083
1083
1078
1077
1080
1080
1082
1082
1079
1084
1101
1125
1142
1149
1158
1169
1174
1178
1203
1238
1284
1331
1371
1388
1388
1389
1381
1364
1348
1328
1302
1271
1244
1214
1181
1141
1107
1070
1039
1018
1016
1015
1012
1002
994
986
983
983
985
978
971
968
965
969
971
966
964
964
964
967
970
971
968
968
968
972
974
975
976
976
979
984
983
981
979
981
988
987
987
983
983
981
982
985
988
991
988
986
989
995
998
1002
1004
1011
1023
1030
1033
1040
1044
1050
1055
1061
1064
1066
1064
1059
1065
1070
1070
1063
1061
1061
1060
1060
1058
1055
1051
1049
1049
1053
1053
1051
1045
1049
1050
1050
1049
1048
1046
1047
1051
1053
1058
1061
1057
1052
1054
1060
1063
1056
1048
1046
1049
1049
1053
1051
1050
1047
1052
1058
1056
1052
1050
1053
1053
1052
1053
1054
1050
1050
1054
1057
1054
1053
1049
1055
1049
1047
1050
1055
1051
1046
1048
1054
1054
1049
1043
1043
1042
1042
1045
1045
1039
1034
1035
1044
1042
1039
1033
1035
1042
1045
1048
1047
1047
1048
1050
1050
1049
1046
1041
1041
1043
1043
1043
1039
1040
1041
1044
1043
1048
1049
1044
1039
1039
1042
1042
1040
1036
1034
1033
1036
1037
1041
1041
1039
1040
1041
1038
1034
1036
1036
1037
1034
1038
1037
1038
1033
1032
1037
1043
1045
1039
1034
1034
1036
1039
1044
1054
1067
1078
1088
1094
1096
1098
1103
1116
1127
1131
1137
1146
1165
1183
1200
1210
1218
1228
1236
1243
1252
1259
1241
1217
1195
1183
1176
1156
1121
1085
1058
1044
1024
1014
1006
1003
1001
999
995
991
986
982
979
978
979
980
979
971
965
969
971
972
967
960
960
961
961
960
956
959
962
962
962
965
968
967
963
967
970
973
974
975
978
987
994
998
1002
1002
1003
1002
1009
1016
1016
1010
1007
1013
1017
1024
1020
1020
1022
1024
1026
1027
1027
1031
1034
1033
1040
1044
1042
1041
1037
1033
1034
1037
1040
1038
1027
1027
1033
1035
1030
1019
1016
1018
1024
1027
1023
1022
1019
1014
1012
1017
1018
1017
1015
1020
1023
1021
1022
1021
1023
1026
1026
1028
1027
1024
1026
1025
1025
1021
1023
1028
1029
1029
1032
1033
1029
1028
1026
1032
1037
1036
1030
1025
1024
1030
1037
1040
1034
1027
1022
1026
1032
1031
1029
1020
1016
1019
1022
1021
1017
1016
1015
1015
1012
1014
1015
1010
1003
996
998
999
1001
999
995
992
990
994
995
996
1000
1004
1006
1008
1011
1009
1005
1002
1004
1006
1003
995
995
998
1000
998
992
987
990
994
999
1000
993
986
992
998
1001
1003
1005
998
991
984
986
989
985
981
980
982
983
987
979
980
987
993
997
991
980
975
974
976
981
978
973
971
971
971
974
978
978
974
971
974
979
982
975
972
975
981
988
990
990
987
988
989
988
983
981
984
987
986
984
986
989
987
984
985
991
992
990
984
978
980
982
982
980
977
975
976
982
988
985
983
989
1005
1022
1034
1042
1047
1050
1058
1067
1073
1077
1083
1087
1100
1111
1111
1112
1120
1122
1110
1091
1064
1020
976
938
914
899
872
831
804
801
817
829
836
848
862
875
885
896
907
918
929
946
963
967
965
951
943
935
935
937
934
932
927
924
927
929
930
924
918
922
924
918
912
905
904
908
913
918
925
920
902
875
866
879
885
874
861
866
889
903
899
895
892
897
895
887
891
896
895
892
902
915
922
919
912
911
916
919
929
937
944
950
957
967
976
979
978
980
986
991
1000
1007
1006
1005
1007
1011
1012
1008
1013
1019
1020
1015
1007
997
986
984
988
993
991
989
991
994
993
992
987
980
974
972
977
979
973
962
954
957
968
976
972
966
957
955
958
961
965
969
967
960
965
971
966
958
952
954
959
957
952
954
964
968
967
961
953
954
959
961
961
961
966
963
964
965
971
978
989
1001
1016
1022
1015
999
979
952
928
916
913
919
923
918
916
918
908
905
919
950
980
1011
1042
1072
1101
1126
1141
1155
1160
1162
1159
1154
1143
1131
1112
1084
1050
1014
982
956
938
942
943
937
930
928
928
927
923
919
922
922
927
926
928
925
922
920
922
931
933
936
936
937
940
944
949
956
960
967
980
990
995
994
993
998
1007
1011
1008
1013
1021
1029
1035
1041
1044
1046
1045
1048
1052
1056
1052
1048
1042
1041
1039
1039
1032
1027
1025
1020
1017
1014
1008
1004
1000
991
990
989
989
982
975
972
973
972
969
964
965
965
969
969
969
970
972
972
974
976
978
977
976
973
976
983
985
979
977
976
980
983
981
978
977
978
979
978
978
981
987
993
996
997
1001
1003
1007
1009
1014
1024
1051
1089
1129
1166
1185
1198
1217
1238
1246
1246
1249
1249
1240
1223
1198
1173
1140
1096
1048
1009
967
942
927
931
931
918
908
906
911
910
904
902
901
898
898
898
904
904
900
895
898
903
906
904
904
906
912
914
917
913
911
911
915
921
924
920
919
922
926
933
931
932
932
930
934
935
936
940
943
944
958
970
976
974
970
973
980
982
986
996
1005
1009
999
980
971
966
968
968
969
971
972
963
958
959
964
970
969
968
967
958
958
956
953
947
948
951
959
964
965
966
964
960
945
935
933
930
926
922
929
934
942
946
952
968
985
992
987
971
953
952
952
950
941
922
903
889
887
889
897
896
888
882
886
899
912
913
910
911
915
918
919
916
913
921
931
937
936
928
929
928
928
927
925
927
924
923
920
922
924
920
916
911
911
914
917
915
910
908
908
909
902
902
901
899
899
899
898
895
891
889
894
895
901
899
897
897
898
898
898
893
892
891
892
900
908
911
906
899
895
891
887
882
881
889
900
912
917
915
907
917
938
964
975
984
997
1026
1071
1122
1162
1183
1190
1194
1206
1215
1216
1210
1191
1170
1146
1121
1075
1017
963
917
881
859
853
848
840
828
824
824
825
821
816
813
809
810
806
803
794
788
790
793
798
793
793
790
792
793
796
793
792
792
792
797
797
789
789
795
800
800
799
793
794
795
799
803
804
806
803
801
807
810
810
814
816
818
819
823
829
827
830
836
841
840
846
851
852
853
850
845
849
850
842
842
844
847
850
850
847
843
843
845
844
838
836
837
840
849
851
847
845
844
847
850
849
847
845
842
840
839
837
836
833
840
841
851
848
842
834
830
829
828
823
823
826
830
830
829
820
818
818
820
828
832
828
820
815
819
821
823
824
825
826
825
823
826
825
823
818
824
836
847
846
850
863
869
884
913
957
1008
1067
1125
1163
1178
1187
1203
1208
1201
1195
1176
1150
1106
1051
998
946
895
841
796
773
769
768
766
765
757
750
751
753
758
755
753
749
743
743
748
750
745
737
740
746
753
753
750
748
748
753
753
755
750
749
750
755
763
765
764
767
768
775
776
781
783
778
778
785
790
795
797
796
800
802
802
804
811
822
829
834
834
833
828
824
824
827
829
829
827
824
821
813
818
820
819
815
814
809
809
807
808
808
807
808
810
815
811
810
810
813
813
815
812
812
813
817
819
812
811
809
812
818
822
822
825
822
820
818
819
817
809
803
806
813
815
810
804
802
807
811
814
811
810
807
807
810
813
814
815
813
816
822
826
825
825
823
821
825
828
834
837
835
835
837
843
845
845
841
841
846
846
851
850
848
848
853
858
862
855
855
864
877
888
891
898
912
932
953
976
1003
1042
1089
1139
1191
1225
1240
1239
1241
1245
1243
1238
1222
1191
1158
1117
1066
1013
955
906
863
837
834
840
838
831
823
821
817
817
817
813
813
816
818
818
815
815
814
816
813
815
818
818
816
816
819
825
826
821
819
821
825
827
829
825
822
821
821
826
827
825
826
822
828
831
833
834
836
841
848
858
863
864
865
870
876
881
885
888
894
897
900
907
905
905
901
904
908
915
915
910
909
909
912
912
914
915
914
914
913
920
918
913
913
914
918
922
921
921
917
916
917
923
927
926
919
912
912
915
913
906
911
914
922
924
920
919
918
919
920
921
922
925
922
923
925
933
934
931
932
935
935
934
932
933
938
940
940
944
947
951
951
954
954
953
956
955
955
954
957
959
960
955
947
942
943
948
954
953
952
948
945
948
950
946
942
941
947
952
945
942
947
953
957
957
955
950
951
954
961
965
962
958
960
965
966
967
966
967
965
972
981
986
982
975
974
981
990
1004
1011
1021
1040
1066
1093
1116
1142
1177
1224
1276
1320
1349
1357
1357
1362
1364
1359
1346
1313
1278
1242
1197
1150
1100
1049
998
959
950
951
953
949
943
938
931
926
932
936
931
928
923
927
927
923
920
920
925
928
929
932
931
930
928
931
936
934
941
939
945
947
945
952
952
954
952
960
967
967
966
962
964
970
974
973
975
974
979
984
990
994
1000
1001
1003
1011
1020
1020
1021
1023
1031
1035
1035
1034
1039
1042
1043
1047
1047
1041
1037
1030
1030
1035
1035
1038
1033
1030
1027
1031
1032
1032
1030
1025
1025
1025
1031
1036
1039
1030
1030
1030
1036
1034
1031
1035
1043
1045
1048
1045
1048
1051
1046
1046
1046
1046
1044
1040
1043
1050
1056
1055
1054
1064
1080
1090
1090
1085
1091
1092
1098
1109
1127
1158
1195
1240
1282
1321
1333
1344
1359
1369
1367
1360
1352
1332
1302
1269
1240
1199
1155
1109
1068
1043
1026
1022
1020
1009
1003
995
992
995
993
987
980
977
981
983
987
985
978
978
973
977
979
978
975
978
984
985
987
987
990
987
986
990
996
1000
999
999
1000
1002
1007
1010
1015
1020
1021
1027
1034
1040
1037
1039
1048
1058
1064
1064
1064
1065
1071
1074
1080
1082
1080
1083
1084
1086
1078
1073
1071
1069
1065
1061
1064
1060
1059
1056
1057
1060
1063
1063
1060
1060
1058
1059
1060
1060
1061
1061
1064
1071
1076
1074
1072
1067
1066
1067
1070
1065
1062
1058
1060
1061
1060
1057
1057
1054
1050
1052
1057
1059
1057
1051
1047
1051
1057
1058
1048
1040
1046
1059
1067
1064
1056
1049
1043
1044
1046
1049
1049
1046
1040
1044
1050
1056
1059
1055
1055
1054
1057
1057
1055
1052
1051
1052
1056
1055
1053
1050
1049
1055
1062
1063
1059
1053
1049
1048
1047
1050
1051
1049
1046
1050
1054
1054
1045
1043
1043
1043
1040
1041
1039
1039
1038
1040
1044
1040
1037
1035
1039
1043
1048
1045
1044
1043
1039
1044
1049
1047
1042
1040
1039
1041
1044
1041
1041
1044
1042
1047
1054
1056
1054
1048
1049
1050
1058
1062
1063
1062
1056
1057
1063
1061
1066
1078
1090
1101
1118
1137
1148
1159
1173
1206
1253
1308
1352
1373
1378
1383
1390
1390
1381
1358
1326
1295
1269
1235
1185
1130
1085
1047
1017
1002
1003
999
991
991
989
984
977
970
967
963
964
962
956
951
947
947
951
948
948
950
953
954
956
954
955
948
953
958
964
964
960
954
952
956
961
959
953
954
957
961
963
959
960
958
960
959
968
967
964
961
963
966
975
975
975
975
979
983
993
998
999
1000
1004
1014
1022
1027
1027
1023
1022
1029
1032
1033
1029
1029
1029
1033
1039
1034
1033
1033
1030
1032
1036
1037
1034
1033
1033
1038
1039
1038
1036
1035
1038
1039
1039
1039
1038
1037
1038
1041
1048
1048
1044
1039
1046
1051
1049
1049
1046
1044
1042
1040
1046
1042
1041
1039
1040
1043
1049
1043
1042
1043
1045
1046
1047
1047
1044
1041
1038
1039
1042
1036
1034
1033
1032
1034
1033
1027
1030
1037
1050
1065
1082
1093
1097
1106
1126
1156
1204
1260
1326
1375
1395
1402
1409
1413
1411
1399
1383
1360
1332
1292
1256
1214
1164
1120
1076
1031
997
983
981
983
978
966
952
950
948
951
950
951
947
942
934
931
932
936
932
928
925
927
929
932
936
936
933
934
935
938
937
938
941
949
957
961
965
968
967
967
964
966
969
968
972
977
978
976
967
961
959
962
974
982
988
991
995
1004
1010
1013
1011
1011
1014
1021
1025
1021
1025
1020
1018
1016
1015
1013
1008
1005
1006
1007
1009
1003
998
997
1010
1020
1028
1018
1003
990
984
983
987
986
976
968
963
967
978
982
979
978
976
980
985
984
979
980
985
986
985
985
983
980
981
979
983
980
979
977
971
974
977
977
973
972
973
973
975
976
979
977
976
976
981
979
974
973
976
978
979
978
980
980
981
983
984
981
979
975
976
978
974
966
962
961
963
964
968
971
969
967
968
967
967
966
963
963
964
963
962
962
960
959
963
968
969
968
972
974
972
969
963
963
966
964
961
963
968
963
961
956
958
962
967
969
973
972
966
966
968
975
973
970
972
974
973
975
980
996
1015
1035
1052
1065
1074
1081
1095
1114
1137
1167
1209
1242
1270
1277
1279
1283
1283
1276
1267
1246
1216
1174
1139
1104
1067
1035
1007
983
955
937
934
933
931
923
920
911
907
906
911
913
911
903
896
892
895
894
892
885
881
883
886
882
881
881
882
879
883
885
886
886
885
885
890
893
895
892
889
893
902
913
914
913
912
916
920
918
917
917
923
932
932
931
925
916
919
925
937
941
937
934
938
948
950
947
941
945
952
959
965
967
960
958
961
959
961
963
963
965
965
963
959
957
957
960
961
962
964
965
964
963
964
971
971
970
965
969
970
971
970
971
966
964
964
967
973
974
969
964
967
971
973
971
972
970
969
968
973
976
974
973
971
974
979
978
977
977
974
971
973
973
972
969
970
971
975
973
972
973
975
976
975
974
967
964
966
971
973
970
966
963
964
966
969
968
968
966
963
960
962
965
965
959
962
967
971
967
964
965
967
971
974
976
974
973
971
974
978
974
973
968
968
972
970
964
959
953
953
952
953
954
958
953
954
954
959
959
954
954
957
961
963
962
957
955
960
964
964
962
960
957
958
959
962
959
959
958
957
956
962
963
957
955
956
959
964
965
961
956
956
961
967
962
958
958
960
965
966
966
964
962
959
957
958
963
970
968
973
988
1006
1020
1030
1043
1069
1100
1129
1158
1194
1224
1256
1271
1280
1286
1295
1296
1293
1286
1272
1244
1218
1186
1155
1118
1071
1025
982
950
930
926
925
921
915
905
897
898
901
897
891
883
884
885
883
876
873
872
874
876
881
879
879
877
880
885
890
887
884
885
890
895
899
898
899
897
897
900
909
909
905
910
911
918
921
922
922
923
925
926
931
934
929
929
933
942
946
947
944
945
950
953
955
958
957
959
958
964
967
963
957
951
952
955
956
951
950
951
950
950
957
955
956
954
954
959
961
958
956
956
959
964
965
967
966
964
961
961
966
965
958
952
954
959
960
957
951
949
950
953
952
949
948
946
948
946
946
945
941
943
942
940
942
945
944
944
942
941
946
946
942
942
943
948
951
949
943
941
943
946
949
945
944
942
943
947
949
946
949
947
950
952
952
951
950
948
945
948
953
955
955
951
952
954
956
959
956
953
957
960
961
959
958
958
957
958
961
961
958
955
957
956
958
956
952
949
949
952
954
951
951
948
952
954
952
955
953
950
949
950
960
968
973
972
981
1002
1020
1039
1053
1070
1093
1123
1164
1215
1266
1296
1317
1327
1340
1346
1341
1333
1321
1297
1265
1232
1196
1157
1104
1053
1017
979
943
923
916
922
921
911
901
896
893
893
893
891
889
885
883
883
886
888
885
880
880
883
885
883
877
877
882
884
883
883
879
878
880
885
889
889
887
887
889
893
898
897
900
902
905
908
911
914
916
916
917
923
931
932
930
934
939
944
950
952
956
958
959
961
966
965
962
960
956
960
964
964
961
956
957
956
956
954
954
950
950
949
952
954
948
947
947
952
954
951
947
944
945
946
945
940
937
932
935
938
939
936
933
929
928
929
932
931
929
925
920
926
929
929
923
918
919
921
921
918
919
917
922
926
926
927
926
924
923
918
922
920
919
916
913
921
925
928
929
926
929
933
935
934
929
931
934
938
942
942
945
947
947
946
946
953
952
949
949
950
954
952
947
946
946
947
949
948
948
945
941
942
947
946
946
941
944
944
945
941
936
937
936
938
938
936
933
929
930
934
939
935
930
928
930
931
934
933
932
931
931
936
940
941
939
934
938
941
944
941
935
939
940
940
937
939
939
938
940
941
944
945
943
943
943
943
944
944
944
942
944
943
946
944
941
938
939
941
942
941
938
937
940
940
944
941
941
940
939
945
952
953
948
941
941
945
948
949
948
945
946
949
957
958
951
951
950
955
956
955
956
952
957
959
958
956
957
956
954
955
954
954
952
951
950
954
960
960
957
954
954
954
952
950
951
955
962
961
962
959
957
955
961
971
987
998
1001
1007
1024
1042
1054
1056
1068
1086
1107
1131
1158
1182
1198
1204
1211
1226
1244
1248
1247
1231
1204
1178
1151
1115
1075
1031
993
961
942
929
920
919
915
915
916
912
907
901
901
904
906
901
899
896
894
895
899
899
896
894
890
895
901
898
895
892
893
893
893
893
895
897
899
907
912
915
911
918
925
930
930
931
937
935
935
939
944
944
943
943
946
950
956
957
957
957
962
965
975
978
978
978
981
986
991
989
986
988
983
985
989
987
985
980
978
979
980
979
971
969
969
973
974
974
973
970
973
979
988
987
984
978
979
983
981
983
981
978
980
981
983
982
980
977
982
984
986
982
980
983
982
984
986
984
984
981
983
987
990
988
979
980
985
985
985
986
986
983
979
986
991
986
984
979
985
988
990
988
984
983
984
985
987
989
986
984
983
982
990
986
981
977
982
985
986
985
979
979
982
982
987
984
983
981
979
979
982
985
981
976
979
984
984
980
977
975
978
978
979
974
975
977
972
975
981
978
972
971
972
974
976
972
970
971
972
972
973
973
967
966
970
975
978
977
971
971
971
973
977
977
974
968
969
971
974
972
965
961
964
965
968
966
966
963
961
963
969
969
964
963
964
970
972
968
967
967
966
969
976
975
973
973
974
977
977
972
971
968
968
967
971
970
967
962
966
970
974
969
966
966
966
968
969
968
964
960
963
966
969
965
963
965
963
961
960
960
965
971
977
988
1002
1013
1021
1031
1046
1064
1085
1107
1141
1167
1190
1208
1223
1235
1246
1251
1258
1256
1232
1199
1171
1146
1116
1074
1031
999
970
938
919
917
923
919
911
898
898
896
897
891
887
884
884
884
885
881
880
876
873
876
880
881
874
870
872
877
881
877
876
878
879
879
881
883
882
878
882
889
893
894
891
891
895
901
902
902
902
903
908
912
918
922
919
916
921
929
935
933
933
935
941
944
951
955
955
954
953
960
964
961
954
952
954
954
954
948
949
944
942
946
946
946
938
937
938
941
941
937
934
931
928
928
928
923
918
913
917
918
917
912
906
906
904
909
912
912
905
905
910
910
910
911
907
905
907
911
916
916
908
908
912
915
920
919
915
915
915
919
925
921
918
919
927
934
939
940
936
940
948
953
962
980
1017
1068
1129
1171
1190
1201
1223
1238
1249
1250
1239
1214
1180
1148
1110
1067
1020
972
929
893
880
880
884
880
871
867
867
869
866
864
860
859
858
859
861
863
857
854
858
861
865
864
865
867
867
866
869
866
865
861
864
871
874
878
873
873
875
880
883
883
882
885
888
890
894
897
895
895
897
905
914
913
911
915
919
928
934
935
935
941
942
943
946
942
937
935
937
940
940
937
933
930
932
929
930
928
926
922
923
927
925
920
917
917
920
921
923
923
922
920
921
925
925
922
919
916
920
920
922
919
918
923
931
944
954
957
962
966
975
979
985
1003
1041
1092
1130
1155
1175
1198
1219
1225
1227
1224
1215
1188
1159
1134
1092
1037
993
957
923
894
889
893
893
889
881
878
878
876
875
873
870
866
865
867
869
865
860
860
861
863
864
862
862
860
862
866
868
870
868
869
871
876
879
880
883
885
887
892
899
901
900
899
903
912
915
917
913
914
921
925
933
937
938
941
944
955
960
960
958
954
961
964
963
956
957
957
952
950
950
950
944
939
939
941
943
938
932
929
932
934
932
931
929
929
926
928
934
935
933
930
932
933
937
935
931
932
934
935
938
938
936
932
932
936
938
935
931
929
936
939
939
935
934
935
934
935
936
938
934
931
933
933
937
934
931
931
931
935
934
935
932
927
929
930
933
931
929
930
932
931
934
934
935
931
928
931
935
931
930
932
931
933
932
934
930
927
926
929
934
929
921
922
924
926
927
926
924
919
921
922
927
921
918
919
921
919
921
921
921
919
919
923
926
924
922
920
924
924
925
925
921
921
922
927
930
926
924
925
925
926
927
927
924
921
919
920
923
917
920
920
921
924
925
922
922
918
919
921
921
920
915
914
915
916
915
912
914
913
912
917
920
915
910
910
911
912
913
910
915
925
933
935
944
951
961
975
987
1004
1016
1036
1057
1098
1158
1215
1254
1272
1274
1280
1293
1305
1308
1301
1290
1263
1227
1199
1169
1127
1069
1013
969
940
911
882
872
870
873
868
863
857
850
845
843
844
845
841
835
831
837
839
838
837
832
831
832
832
835
836
834
833
830
837
840
838
836
835
839
840
839
836
832
833
832
833
838
837
833
832
835
839
839
838
836
841
843
848
852
851
853
853
858
866
874
877
876
879
887
893
899
904
906
905
910
915
919
916
911
909
910
916
912
906
907
906
907
910
914
913
912
914
917
920
922
920
917
918
917
918
920
920
917
917
919
924
924
923
923
920
923
924
928
922
923
922
923
927
927
921
917
918
922
929
932
943
949
953
955
946
933
923
912
910
921
942
960
965
975
1006
1060
1121
1169
1195
1209
1223
1251
1281
1296
1299
1300
1299
1291
1273
1242
1209
1181
1148
1103
1057
1019
976
929
900
894
894
891
887
881
877
877
875
872
870
867
863
863
862
869
863
858
860
863
865
869
864
863
865
869
867
867
868
868
870
874
875
878
880
879
880
886
890
896
897
894
896
901
903
906
904
907
908
912
914
920
926
925
927
933
940
948
948
948
953
958
962
964
966
968
967
969
974
980
979
974
971
973
978
979
978
973
973
970
975
978
974
968
967
969
972
969
967
966
963
959
962
964
961
961
955
959
964
967
966
965
964
960
963
964
963
959
958
962
969
971
973
977
977
983
985
989
990
987
986
988
993
994
990
989
990
993
996
999
998
996
994
992
999
999
998
996
994
993
995
997
994
991
985
987
995
997
993
988
984
989
990
991
990
986
987
986
994
997
994
993
992
994
996
996
999
1000
1000
1002
1005
1007
1013
1009
1007
1014
1018
1020
1018
1013
1016
1018
1023
1029
1024
1023
1023
1025
1025
1031
1029
1030
1028
1033
1035
1038
1047
1056
1061
1067
1080
1099
1119
1131
1141
1154
1176
1203
1241
1289
1337
1379
1398
1406
1409
1420
1427
1421
1413
1394
1364
1326
1291
1255
1214
1171
1121
1083
1051
1023
1006
999
998
992
989
986
981
979
975
975
970
971
971
974
973
970
968
969
974
976
973
968
966
969
968
968
966
964
964
963
964
971
972
968
963
965
970
975
973
971
971
973
974
976
974
975
977
979
983
988
991
989
988
994
1000
1002
1002
1003
1006
1011
1015
1020
1024
1029
1035
1042
1045
1056
1055
1052
1054
1058
1061
1062
1059
1059
1060
1060
1063
1066
1065
1062
1059
1060
1065
1065
1058
1053
1056
1058
1060
1060
1057
1059
1055
1055
1058
1058
1059
1057
1056
1057
1059
1064
1062
1057
1058
1066
1070
1071
1070
1065
1064
1067
1064
1069
1069
1069
1063
1064
1065
1070
1068
1064
1063
1068
1071
1069
1070
1069
1070
1070
1074
1077
1075
1069
1070
1072
1077
1074
1071
1067
1068
1072
1070
1071
1072
1067
1064
1066
1067
1071
1071
1069
1066
1069
1074
1079
1080
1077
1075
1078
1083
1084
1080
1077
1078
1081
1082
1080
1077
1074
1074
1075
1076
1074
1074
1072
1073
1070
1072
1078
1079
1073
1072
1072
1075
1076
1071
1067
1066
1069
1071
1069
1068
1063
1065
1065
1066
1068
1068
1067
1063
1061
1064
1067
1067
1058
1056
1061
1067
1065
1061
1061
1063
1065
1065
1067
1066
1063
1060
1059
1065
1067
1068
1063
1060
1063
1068
1066
1063
1061
1063
1062
1063
1066
1067
1067
1061
1062
1065
1065
1061
1058
1059
1061
1063
1062
1059
1055
1054
1053
1055
1056
1055
1051
1046
1046
1049
1049
1042
1045
1043
1043
1044
1049
1049
1044
1041
1042
1046
1048
1045
1043
1044
1049
1047
1043
1040
1038
1036
1035
1040
1042
1040
1034
1032
1036
1037
1035
1034
1027
1027
1030
1032
1034
1033
1031
1027
1028
1034
1037
1042
1049
1058
1066
1074
1092
1111
1121
1138
1157
1185
1234
1293
1340
1374
1389
1393
1402
1406
1402
1397
1383
1359
1325
1287
1252
1211
1168
1125
1086
1048
1011
982
967
965
964
953
938
934
932
928
926
921
917
916
916
915
918
916
911
907
906
913
914
909
904
902
907
909
910
906
903
905
904
907
908
907
907
906
903
907
908
910
909
908
910
915
920
918
914
915
918
922
921
917
916
917
921
922
921
919
922
922
925
926
930
934
930
931
935
942
949
954
952
954
959
963
968
967
965
968
969
972
969
970
970
971
966
971
973
971
970
968
968
972
970
968
968
967
969
971
971
972
969
966
966
964
968
966
962
956
958
961
961
955
954
953
953
955
953
951
951
949
950
953
956
954
950
950
952
951
954
949
947
947
947
949
950
950
949
949
948
953
955
957
955
953
959
961
958
961
956
959
957
959
960
958
953
952
954
958
957
954
950
950
952
951
950
950
948
948
946
948
951
947
945
940
945
949
947
946
944
947
947
951
951
949
950
950
950
950
958
954
957
954
956
959
964
960
956
958
961
967
970
975
983
993
1001
1010
1016
1030
1050
1066
1081
1095
1113
1135
1163
1199
1251
1305
1346
1373
1384
1383
1387
1398
1402
1390
1373
1351
1321
1291
1254
1216
1175
1130
1084
1046
1010
974
941
923
921
923
922
914
914
908
906
904
903
905
898
895
895
897
899
897
891
892
893
899
900
894
895
896
898
901
902
904
907
906
907
912
918
919
918
919
920
927
930
928
931
931
934
938
940
943
943
947
947
951
956
957
956
959
962
970
975
978
976
975
980
992
993
995
996
999
1002
1005
1007
1010
1011
1006
1006
1010
1009
1005
1001
1001
998
1001
999
996
992
993
991
992
994
989
984
980
983
984
984
979
976
974
972
974
977
974
969
967
972
980
980
978
976
977
979
982
984
984
982
984
984
988
988
987
986
988
990
993
993
989
992
994
992
996
999
1000
996
994
997
1000
1003
1001
998
999
1001
1003
1002
999
997
993
995
1008
1022
1029
1034
1050
1074
1094
1102
1113
1132
1165
1219
1287
1345
1384
1398
1404
1416
1421
1418
1406
1390
1362
1332
1304
1275
1242
1204
1160
1116
1081
1043
1009
988
983
984
984
980
972
967
963
963
964
965
961
955
954
957
957
957
954
954
950
950
952
954
954
950
947
945
950
951
950
948
947
952
955
958
957
958
960
962
969
973
976
977
974
981
986
993
993
992
997
1005
1009
1016
1019
1023
1030
1035
1042
1052
1055
1054
1055
1062
1068
1073
1070
1070
1072
1072
1070
1072
1068
1061
1059
1058
1058
1059
1053
1047
1044
1041
1040
1042
1040
1037
1036
1040
1042
1042
1042
1040
1041
1043
1044
1041
1041
1040
1042
1042
1047
1052
1052
1045
1044
1050
1058
1065
1077
1090
1095
1107
1114
1126
1131
1135
1148
1177
1226
1278
1317
1335
1348
1368
1380
1387
1384
1372
1354
1328
1301
1275
1239
1193
1149
1113
1080
1054
1039
1033
1030
1026
1025
1025
1019
1013
1010
1009
1012
1008
1005
1003
1000
997
999
999
1001
994
994
997
1002
999
994
996
1000
1001
1001
998
996
995
999
999
998
1004
1006
1004
1003
1007
1016
1021
1019
1016
1020
1025
1030
1034
1030
1030
1030
1041
1047
1052
1054
1056
1054
1058
1067
1074
1081
1081
1082
1092
1100
1102
1098
1095
1092
1096
1096
1095
1093
1093
1090
1085
1086
1088
1086
1080
1075
1076
1083
1082
1079
1075
1077
1078
1075
1075
1078
1076
1076
1076
1078
1082
1080
1079
1075
1081
1083
1082
1075
1076
1075
1078
1073
1075
1075
1071
1064
1068
1071
1072
1070
1064
1065
1070
1075
1073
1074
1074
1073
1075
1077
1081
1079
1074
1072
1074
1076
1075
1073
1076
1073
1075
1076
1074
1074
1067
1067
1067
1069
1066
1068
1064
1064
1064
1063
1067
1067
1060
1060
1064
1065
1064
1061
1061
1061
1059
1060
1063
1060
1055
1052
1060
1064
1061
1059
1059
1060
1062
1063
1063
1066
1061
1064
1065
1072
1074
1071
1070
1070
1074
1070
1068
1067
1063
1060
1065
1070
1070
1068
1066
1066
1068
1069
1070
1067
1066
1065
1068
1069
1067
1063
1060
1057
1062
1073
1085
1092
1098
1108
1133
1152
1164
1171
1185
1213
1261
1314
1359
1389
1395
1398
1409
1421
1421
1415
1401
1373
1343
1315
1282
1235
1189
1143
1103
1071
1038
1016
1008
1004
1006
1003
999
992
984
979
980
979
980
971
965
965
963
961
960
959
958
956
957
961
960
958
955
957
958
960
961
961
961
957
958
962
965
959
960
963
967
971
976
979
982
983
985
991
994
993
989
992
997
1001
1002
1005
1009
1014
1020
1027
1031
1031
1030
1036
1042
1046
1048
1048
1045
1045
1044
1046
1047
1044
1039
1040
1041
1042
1037
1037
1035
1035
1033
1039
1038
1033
1026
1029
1030
1030
1033
1033
1037
1036
1038
1043
1050
1052
1048
1050
1054
1053
1058
1055
1057
1051
1052
1054
1059
1056
1052
1050
1052
1054
1055
1056
1053
1049
1050
1052
1054
1048
1041
1039
1042
1042
1042
1038
1038
1032
1035
1037
1038
1036
1031
1032
1034
1033
1037
1035
1034
1030
1029
1028
1034
1033
1026
1028
1032
1038
1038
1032
1031
1030
1035
1034
1035
1035
1035
1036
1036
1035
1037
1034
1031
1030
1031
1035
1037
1032
1030
1031
1033
1035
1033
1031
1032
1030
1029
1031
1034
1029
1022
1017
1016
1019
1021
1015
1015
1014
1016
1014
1013
1013
1010
1008
1008
1011
1014
1012
1009
1008
1013
1014
1015
1014
1016
1015
1017
1022
1026
1024
1020
1019
1018
1026
1023
1022
1019
1022
1023
1025
1026
1022
1022
1020
1022
1026
1027
1023
1021
1020
1022
1021
1023
1019
1020
1019
1018
1020
1025
1022
1020
1019
1021
1019
1019
1016
1017
1020
1030
1043
1054
1058
1066
1083
1105
1123
1137
1160
1200
1256
1317
1358
1373
1376
1381
1389
1384
1372
1345
1306
1273
1231
1188
1144
1099
1059
1020
987
972
969
968
960
950
945
944
944
940
938
934
930
931
935
936
931
928
925
930
934
934
933
934
935
937
940
943
945
942
944
951
950
956
956
953
950
955
956
958
951
949
949
954
958
958
955
953
952
956
957
957
960
962
960
964
967
974
975
972
971
974
983
990
988
988
993
1003
1006
1006
1003
1003
1005
1005
1004
1004
1001
1001
995
992
998
999
1000
993
991
998
1002
1003
1002
1001
1001
1006
1008
1009
1009
1007
1004
1004
1009
1006
1004
1000
1002
1005
1006
1006
1003
1002
1001
1000
1005
1007
1002
995
993
994
996
994
992
990
989
987
987
986
985
987
982
980
986
988
984
983
984
983
983
986
985
981
980
982
985
985
980
981
979
984
985
985
983
982
981
983
989
992
989
984
987
992
992
989
992
990
986
990
992
991
988
983
984
990
992
994
991
991
990
993
996
995
988
988
991
991
992
993
996
994
995
999
1014
1023
1029
1035
1053
1075
1095
1106
1126
1147
1185
1240
1298
1332
1346
1348
1358
1364
1357
1346
1318
1281
1239
1202
1167
1117
1067
1022
983
956
942
943
939
933
926
922
920
921
917
910
910
909
914
910
904
898
904
906
904
904
902
901
901
900
899
899
901
900
893
897
904
906
899
895
899
904
904
905
902
906
908
909
913
918
919
919
918
923
931
936
934
931
934
940
946
949
952
957
964
970
975
984
989
987
988
993
1001
1005
996
993
991
996
994
989
986
983
982
979
978
975
972
967
963
963
965
963
960
954
953
954
955
952
952
951
951
946
949
949
945
938
938
940
941
940
935
931
932
933
933
930
931
926
925
931
932
935
930
928
930
930
931
933
933
929
928
932
940
939
934
933
936
942
945
944
943
940
939
939
941
942
939
936
935
938
941
937
934
935
936
934
933
934
934
932
930
931
932
935
931
930
931
933
934
932
930
928
929
928
932
934
933
931
930
933
935
937
937
934
934
935
936
941
938
933
935
943
943
942
938
941
941
943
943
943
946
943
941
940
940
942
939
936
933
933
936
937
931
929
931
935
938
939
933
931
935
936
939
938
934
934
930
932
934
934
934
926
929
933
943
940
935
933
934
937
942
940
938
935
935
937
939
942
944
941
939
941
946
945
943
937
940
943
943
940
940
938
935
938
939
942
935
932
930
935
932
935
935
934
933
935
933
937
936
929
928
932
936
936
933
929
934
938
939
940
941
939
938
941
946
947
943
940
941
946
946
945
944
946
955
964
979
989
998
1011
1029
1052
1071
1088
1114
1163
1220
1271
1305
1317
1320
1328
1336
1330
1322
1297
1253
1210
1163
1111
1058
1014
964
929
911
908
908
904
895
890
886
882
882
882
875
869
866
870
871
869
863
862
862
861
864
866
864
861
859
863
867
870
868
867
870
874
876
876
875
877
877
879
886
889
886
885
885
886
886
883
887
883
886
888
892
897
899
895
894
899
904
908
909
906
912
919
928
932
932
931
936
947
949
951
950
952
954
959
960
960
958
953
950
951
956
957
951
943
948
950
955
952
952
952
956
957
958
961
959
957
960
961
967
969
966
963
963
969
974
969
969
965
969
969
970
970
968
970
967
967
971
976
971
967
963
968
973
975
969
966
967
970
969
971
971
969
967
966
968
971
967
964
963
965
974
973
968
969
970
971
971
972
972
969
967
969
974
971
964
964
965
967
971
970
968
964
966
971
972
974
970
967
969
968
969
971
973
968
968
968
970
970
967
963
962
965
971
970
964
963
964
966
967
969
969
964
961
967
967
971
970
966
966
973
976
971
968
970
970
973
976
977
979
973
974
977
982
983
980
976
981
984
986
985
981
981
980
982
985
987
982
978
976
981
984
982
978
975
979
978
980
978
977
975
970
970
973
974
968
964
964
968
971
966
962
958
963
962
966
970
971
972
971
969
975
975
974
971
970
974
978
978
974
970
972
975
979
978
975
974
972
975
979
978
981
981
979
981
984
987
981
976
979
983
986
983
981
980
979
981
981
977
977
975
976
986
999
1012
1013
1015
1029
1048
1067
1078
1084
1100
1126
1171
1229
1280
1321
1335
1340
1351
1364
1366
1355
1333
1306
1271
1241
1202
1159
1111
1063
1025
992
961
946
934
931
928
926
919
916
911
909
908
907
905
902
900
896
894
898
901
896
894
889
893
894
895
891
888
890
891
895
895
896
895
898
900
907
909
910
907
909
913
917
923
923
916
920
923
930
930
931
928
928
935
937
942
944
941
941
946
954
957
958
956
961
967
967
967
967
966
962
963
965
964
960
955
954
956
956
955
950
948
947
946
946
946
944
944
944
945
949
950
949
944
941
942
947
950
949
943
944
949
954
954
952
951
954
956
956
953
950
946
944
940
937
940
933
928
923
926
928
929
922
919
921
924
926
924
920
920
918
919
919
918
915
917
915
915
921
920
920
914
914
915
920
919
912
910
909
911
913
915
910
912
913
915
918
920
919
915
914
918
920
923
919
913
918
921
922
918
920
920
919
916
917
918
914
914
915
917
918
920
918
918
918
917
916
913
915
913
908
908
913
913
908
905
903
907
905
906
900
903
900
902
905
904
902
899
900
908
910
909
908
908
908
911
913
915
910
909
909
914
929
940
943
949
962
984
1003
1015
1031
1049
1080
1137
1207
1261
1287
1295
1305
1317
1328
1318
1301
1266
1224
1180
1135
1086
1025
975
934
906
884
872
865
863
860
856
856
853
850
845
842
840
844
843
839
836
837
839
843
843
844
841
841
843
847
850
848
848
847
850
855
855
854
853
854
855
857
859
861
861
862
864
867
871
869
866
866
866
873
878
878
876
880
886
893
894
890
891
898
904
910
914
912
915
918
924
929
930
933
935
938
937
943
944
943
941
939
939
944
944
939
934
931
935
934
932
924
924
923
923
925
920
916
913
913
917
920
922
918
916
911
913
920
920
914
914
912
920
920
918
912
913
912
914
914
914
913
912
910
913
916
920
917
911
918
921
924
922
920
919
919
918
923
923
921
920
921
921
926
925
922
919
922
925
927
924
923
924
923
922
927
930
926
924
926
931
933
931
931
930
932
934
936
939
938
936
937
942
944
945
940
940
941
943
943
945
947
943
940
947
951
946
945
943
945
947
948
947
945
944
943
944
952
953
949
948
951
954
957
955
953
952
951
954
955
957
954
951
950
954
958
958
958
958
960
966
967
971
970
966
965
971
976
979
974
972
979
982
991
1002
1012
1016
1023
1036
1060
1079
1086
1089
1106
1132
1170
1220
1276
1318
1351
1367
1372
1380
1390
1395
1389
1383
1370
1340
1303
1268
1230
1194
1156
1111
1062
1024
994
966
951
945
937
933
929
929
928
926
921
919
921
922
925
921
922
919
918
918
920
920
919
917
917
922
927
928
928
927
927
932
931
931
933
934
936
935
939
938
938
933
934
937
943
941
937
933
939
943
947
950
952
953
952
955
962
966
964
965
968
978
983
985
987
988
996
1001
1004
1009
1012
1014
1014
1018
1026
1025
1023
1021
1023
1026
1024
1024
1022
1021
1021
1022
1020
1024
1023
1019
1018
1020
1023
1021
1019
1016
1017
1018
1018
1017
1013
1008
1006
1005
1011
1008
1002
997
995
996
998
993
990
988
990
993
1001
1003
1002
996
1001
1005
1013
1010
1009
1009
1012
1013
1016
1018
1021
1021
1020
1024
1032
1032
1027
1026
1028
1031
1034
1035
1035
1033
1033
1032
1037
1037
1035
1030
1030
1035
1036
1036
1033
1033
1032
1033
1036
1035
1033
1028
1027
1029
1035
1033
1030
1026
1028
1031
1033
1029
1025
1024
1025
1025
1023
1027
1026
1024
1023
1021
1024
1027
1026
1022
1022
1021
1027
1028
1024
1023
1022
1025
1030
1029
1027
1027
1029
1034
1030
1031
1030
1029
1025
1025
1034
1036
1032
1029
1028
1035
1039
1035
1032
1032
1034
1033
1035
1039
1040
1039
1036
1034
1039
1041
1037
1032
1033
1037
1037
1034
1029
1027
1028
1028
1029
1028
1028
1025
1027
1031
1037
1037
1033
1030
1030
1033
1035
1037
1035
1035
1035
1039
1042
1043
1041
1038
1037
1042
1045
1044
1045
1045
1042
1043
1048
1051
1047
1044
1043
1049
1049
1046
1047
1040
1039
1042
1050
1059
1068
1077
1084
1096
1116
1134
1146
1160
1175
1196
1232
1289
1345
1379
1407
1415
1425
1436
1434
1424
1411
1385
1346
1301
1259
1210
1156
1111
1077
1042
1012
1002
997
999
994
986
979
973
971
972
975
969
966
961
963
965
967
967
965
962
963
965
968
967
963
961
963
970
972
971
975
972
972
974
980
982
977
974
977
982
984
983
982
984
986
991
994
992
991
991
991
991
997
1004
1005
1003
1005
1011
1018
1023
1024
1025
1032
1040
1048
1050
1049
1054
1057
1059
1057
1062
1060
1054
1055
1059
1062
1060
1052
1052
1052
1053
1055
1054
1055
1059
1055
1052
1051
1051
1050
1046
1048
1052
1055
1053
1050
1051
1049
1048
1048
1047
1042
1040
1038
1042
1044
1044
1039
1035
1034
1037
1038
1040
1035
1033
1033
1034
1035
1035
1035
1030
1032
1031
1033
1035
1033
1031
1031
1031
1034
1036
1037
1034
1034
1034
1042
1045
1045
1042
1044
1053
1057
1057
1058
1053
1056
1058
1062
1065
1058
1054
1053
1055
1057
1056
1055
1052
1046
1048
1046
1043
1036
1035
1035
1036
1036
1038
1036
1036
1037
1037
1042
1039
1038
1044
1057
1069
1081
1094
1114
1136
1152
1175
1203
1234
1278
1328
1382
1427
1444
1447
1449
1452
1444
1432
1405
1363
1315
1270
1222
1168
1123
1082
1040
1014
1001
1004
1007
1002
995
986
986
984
981
981
978
972
966
968
973
973
969
964
960
966
966
965
961
958
964
966
967
972
972
973
973
976
982
983
981
978
983
990
996
999
998
1002
1005
1012
1013
1012
1016
1015
1016
1020
1025
1028
1029
1030
1031
1036
1044
1045
1043
1049
1055
1061
1063
1065
1068
1072
1073
1074
1075
1075
1072
1068
1066
1065
1070
1067
1056
1053
1054
1051
1049
1046
1044
1038
1038
1035
1039
1039
1036
1030
1033
1033
1034
1035
1035
1032
1032
1033
1032
1033
1027
1024
1026
1029
1031
1027
1025
1022
1025
1029
1032
1034
1029
1026
1028
1032
1036
1038
1039
1042
1043
1043
1047
1047
1045
1044
1043
1043
1051
1051
1058
1070
1090
1103
1118
1129
1131
1132
1143
1176
1230
1283
1326
1356
1373
1392
1405
1403
1392
1374
1345
1315
1289
1250
1202
1150
1111
1072
1039
1019
1015
1009
1003
1000
996
988
980
975
975
972
973
974
971
967
965
968
972
969
965
963
963
965
970
972
968
965
967
971
977
978
975
979
983
986
988
991
996
995
997
998
1006
1009
1005
1005
1009
1016
1023
1023
1022
1024
1028
1031
1034
1037
1042
1042
1044
1052
1058
1059
1058
1055
1056
1059
1056
1057
1053
1051
1047
1046
1047
1043
1039
1034
1034
1036
1039
1037
1034
1031
1035
1034
1037
1036
1036
1035
1033
1037
1038
1038
1036
1034
1030
1035
1037
1037
1039
1037
1040
1038
1041
1044
1040
1035
1032
1036
1035
1037
1027
1025
1025
1027
1028
1025
1029
1027
1024
1028
1031
1031
1028
1025
1026
1030
1031
1030
1030
1028
1026
1030
1033
1033
1027
1023
1024
1028
1031
1028
1027
1027
1026
1027
1030
1031
1028
1023
1022
1025
1029
1029
1030
1025
1029
1032
1033
1034
1031
1028
1029
1032
1034
1031
1029
1030
1032
1034
1036
1033
1034
1032
1029
1028
1030
1031
1027
1024
1022
1028
1027
1027
1025
1022
1021
1019
1021
1023
1018
1015
1017
1019
1021
1020
1018
1017
1021
1023
1023
1024
1023
1018
1020
1023
1028
1025
1021
1022
1023
1025
1026
1029
1032
1033
1034
1036
1042
1039
1034
1034
1037
1040
1040
1039
1039
1041
1042
1046
1059
1071
1080
1085
1094
1116
1136
1144
1151
1160
1186
1218
1267
1312
1350
1376
1386
1388
1400
1410
1409
1401
1383
1362
1334
1297
1259
1216
1174
1130
1089
1053
1016
990
983
981
979
974
967
958
951
952
955
954
949
942
942
944
946
943
937
935
936
940
945
943
940
936
931
936
941
940
932
930
931
937
939
938
937
934
933
936
940
939
936
934
938
942
944
943
944
943
944
946
953
955
953
950
952
959
966
970
966
969
974
979
988
992
996
997
1003
1007
1012
1008
1007
1010
1010
1010
1017
1015
1013
1012
1013
1015
1018
1014
1014
1014
1014
1012
1012
1015
1014
1007
1011
1016
1017
1013
1010
1008
1008
1006
1007
1008
1005
1000
1000
1003
1007
1004
1001
999
1002
1004
1003
1006
1002
998
996
996
997
991
989
985
984
986
991
991
990
991
990
999
1003
1002
1000
1001
1002
1001
1003
1004
1002
998
998
1001
1004
999
995
993
994
993
994
992
990
988
988
985
993
990
987
982
981
985
988
986
981
980
981
982
983
977
979
978
978
977
980
982
979
976
975
980
983
980
972
968
971
971
970
964
963
962
963
965
970
970
967
964
968
974
976
973
972
975
974
974
979
978
976
974
974
981
982
980
976
975
975
977
979
979
978
975
973
971
984
992
1004
1013
1022
1045
1069
1086
1100
1116
1144
1195
1256
1305
1336
1341
1349
1361
1366
1354
1333
1295
1249
1207
1167
1113
1057
1012
975
948
934
929
928
919
911
909
910
907
899
896
892
895
898
896
892
885
886
887
894
893
890
882
882
889
889
886
886
888
889
888
894
896
890
889
890
894
897
897
896
895
895
900
907
912
908
907
911
913
919
918
920
924
925
930
935
940
941
944
949
960
961
965
964
966
966
967
964
963
963
962
959
958
962
962
959
952
951
953
956
956
949
946
949
951
954
953
950
947
949
951
951
952
952
947
943
946
949
948
946
945
944
949
946
944
940
937
938
942
942
937
937
936
936
936
935
934
933
933
929
933
935
936
929
926
929
930
930
928
930
931
933
933
936
938
936
932
932
936
942
940
935
933
935
936
932
934
931
929
927
927
932
931
930
927
927
929
930
929
923
923
926
926
931
929
927
927
928
931
935
936
931
927
926
932
934
934
926
925
930
929
930
934
936
933
933
938
942
942
938
939
938
943
947
948
946
945
943
944
951
957
963
972
986
1008
1028
1049
1063
1086
1111
1153
1206
1265
1306
1326
1337
1348
1357
1355
1342
1319
1277
1237
1203
1160
1107
1044
995
958
928
903
896
898
895
890
887
885
883
877
875
878
877
878
875
876
877
876
878
877
875
874
873
874
880
878
876
870
873
880
882
878
878
879
878
882
885
887
886
883
886
891
894
893
887
888
893
899
902
899
898
898
905
908
908
910
913
913
915
918
928
935
936
940
950
956
962
962
960
962
966
969
970
965
962
961
961
960
963
963
959
955
951
955
959
956
952
950
953
956
956
955
954
953
951
950
954
956
953
945
947
948
951
949
946
944
947
950
951
948
945
946
943
945
952
946
943
940
939
942
946
944
944
944
943
949
952
957
952
949
952
958
963
960
959
957
961
963
964
965
965
963
963
966
969
966
963
959
959
964
961
962
964
960
961
960
965
966
961
960
960
963
962
959
957
960
960
962
966
965
963
959
960
961
963
961
957
958
961
963
964
966
965
961
960
960
965
960
960
962
968
972
974
975
975
973
974
977
982
983
977
973
974
978
987
995
1009
1021
1026
1044
1062
1077
1090
1100
1115
1144
1189
1241
1288
1323
1349
1362
1369
1376
1379
1377
1372
1360
1335
1296
1258
1223
1187
1143
1097
1050
1012
978
947
929
926
929
924
915
914
915
914
911
906
907
907
912
914
913
914
916
916
918
923
926
924
919
915
915
918
915
911
907
909
915
915
913
911
912
915
914
914
915
914
913
914
916
918
917
914
913
916
920
924
923
923
924
928
925
927
930
930
929
932
939
948
950
949
951
962
968
970
976
978
979
977
983
985
985
981
981
979
987
989
988
982
984
985
984
985
983
982
979
979
980
982
983
977
975
979
981
983
981
979
978
978
979
979
981
977
971
973
974
980
977
972
970
969
972
974
972
972
967
965
967
966
966
960
960
962
970
971
971
969
969
971
973
975
975
974
976
976
978
981
983
976
976
978
983
984
981
978
974
977
980
981
982
982
980
977
980
986
985
982
981
981
986
987
988
984
984
984
981
982
986
986
991
999
1008
1018
1030
1051
1069
1090
1108
1129
1150
1183
1230
1288
1342
1382
1400
1404
1407
1413
1422
1419
1410
1392
1361
1321
1290
1259
1218
1172
1123
1073
1040
1012
973
948
937
941
943
939
931
923
921
916
916
915
914
911
905
905
900
905
905
901
895
894
897
901
898
896
896
898
901
902
901
902
902
903
905
909
911
909
903
910
914
918
919
916
918
922
925
931
930
935
937
941
947
953
957
951
949
953
964
966
964
962
963
969
972
979
979
981
981
981
984
988
990
984
979
983
988
989
985
983
980
980
978
980
976
975
969
967
971
972
973
965
962
965
962
965
967
962
960
959
961
963
961
960
956
960
965
963
965
969
967
971
977
978
978
977
975
976
980
982
980
976
976
980
978
981
980
978
978
978
977
985
984
982
978
978
983
983
981
978
979
977
979
983
982
979
975
974
974
978
974
971
967
966
968
970
966
963
964
966
966
968
968
969
968
966
971
974
976
973
972
972
977
983
984
979
977
978
984
987
985
983
981
983
983
982
981
977
982
981
983
984
986
986
982
982
984
988
986
984
980
983
988
989
985
983
980
982
987
989
985
982
982
980
982
985
981
980
977
975
977
982
978
972
971
972
975
975
971
966
966
970
973
976
976
976
977
978
982
986
990
989
987
984
986
991
992
986
983
987
990
992
991
989
990
990
990
994
993
993
990
988
991
998
995
993
990
990
992
994
994
988
987
985
988
988
989
988
985
982
986
992
987
984
983
987
988
988
987
989
986
986
990
996
993
992
990
991
999
1003
1003
1000
1000
1003
1005
1005
1002
1000
1001
1010
1023
1034
1044
1045
1055
1075
1094
1113
1126
1138
1162
1206
1264
1313
1346
1362
1366
1378
1388
1392
1384
1362
1323
1283
1250
1213
1163
1110
1063
1028
998
972
958
950
944
935
937
937
929
923
920
921
920
919
914
909
911
913
913
914
912
910
911
913
917
920
922
923
918
917
921
926
924
920
917
919
922
923
920
915
915
919
922
926
922
920
920
925
929
927
927
928
924
929
929
930
931
933
932
934
938
943
946
945
944
946
951
958
957
955
957
965
974
975
974
977
980
985
986
995
996
1000
997
999
1002
1007
1010
1008
1006
1006
1009
1010
1009
1003
1005
1008
1010
1009
1011
1011
1009
1006
1006
1012
1008
1009
1004
1007
1008
1010
1005
1006
1006
1003
1009
1008
1010
1008
1001
1000
1003
1009
1007
1001
995
996
998
996
993
992
990
988
991
992
992
990
989
992
994
1001
997
997
1001
1005
1007
1008
1010
1010
1007
1007
1007
1014
1011
1005
1006
1004
1005
1005
1005
1004
1003
1001
999
1002
997
992
990
991
990
990
986
984
982
981
983
989
984
982
977
978
978
979
974
977
971
972
977
982
978
976
969
971
975
975
970
966
967
963
971
972
974
968
966
969
975
975
972
976
982
999
1009
1023
1040
1055
1070
1087
1109
1140
1186
1247
1302
1342
1359
1366
1377
1381
1374
1361
1344
1314
1270
1227
1189
1151
1108
1055
1007
975
942
915
905
906
905
902
897
891
888
890
884
878
875
873
872
873
870
868
864
863
864
865
863
861
860
857
859
865
865
862
862
863
867
869
869
868
867
869
871
870
874
870
870
870
880
883
883
879
879
883
886
890
892
895
893
899
903
909
911
910
910
917
922
924
928
930
929
929
931
930
931
923
918
919
923
923
919
917
910
910
913
915
910
908
903
905
911
909
905
902
904
903
906
908
903
904
895
899
899
901
896
894
893
895
894
898
897
892
896
896
898
900
900
895
893
893
894
892
890
889
885
884
888
891
888
886
884
886
889
891
888
888
886
890
891
895
894
892
891
890
897
902
897
896
896
895
898
897
895
896
893
893
896
903
902
899
897
899
902
901
900
900
898
898
898
902
900
898
897
898
900
905
903
901
896
896
899
897
896
891
892
893
896
896
896
893
893
892
895
898
900
897
894
898
898
900
899
900
895
896
902
905
907
904
904
904
911
922
933
940
949
966
986
1003
1019
1033
1051
1076
1117
1181
1242
1283
1303
1315
1329
1334
1328
1316
1290
1244
1197
1155
1108
1057
996
953
925
901
884
879
879
878
876
872
868
864
857
854
853
858
854
848
848
847
851
850
851
851
849
854
857
865
865
861
860
863
868
870
873
872
870
871
876
876
877
874
875
877
881
878
879
878
879
880
886
891
889
888
890
894
901
904
906
911
913
920
927
936
939
939
938
943
943
947
946
948
947
948
949
951
950
942
940
943
944
943
942
939
937
935
937
942
942
939
935
939
944
944
943
941
940
938
941
944
943
940
939
941
945
948
946
945
943
945
948
955
954
946
948
950
953
954
952
950
948
950
952
954
954
949
948
950
954
958
952
951
951
958
959
961
959
959
955
955
956
964
964
961
961
963
967
969
969
968
969
969
969
971
969
961
956
960
963
962
959
955
958
959
961
965
966
964
962
962
968
967
963
964
963
963
963
967
969
966
962
964
971
974
973
970
972
974
975
978
978
974
971
975
980
984
980
979
978
981
985
987
988
984
980
983
987
988
986
984
982
984
985
990
988
984
978
982
986
986
988
986
988
985
987
993
997
991
987
987
988
991
994
998
998
992
994
999
1004
1001
1001
1006
1006
1008
1007
1004
1004
1010
1023
1039
1049
1052
1062
1083
1107
1120
1137
1162
1207
1265
1327
1372
1389
1395
1409
1420
1422
1412
1386
1351
1307
1266
1230
1191
1140
1093
1051
1023
998
987
981
977
976
973
969
970
966
963
961
960
961
962
960
958
953
953
953
960
957
952
950
954
956
957
954
955
951
949
951
954
954
949
946
948
954
958
959
955
953
960
963
964
962
964
963
966
970
977
976
973
969
974
980
985
983
979
982
989
995
1005
1009
1010
1015
1019
1025
1036
1039
1038
1039
1043
1047
1048
1047
1044
1043
1041
1042
1041
1036
1032
1027
1027
1029
1033
1031
1031
1025
1026
1030
1032
1031
1031
1032
1035
1042
1047
1044
1038
1038
1041
1044
1044
1043
1041
1040
1038
1041
1045
1046
1043
1044
1044
1045
1045
1046
1047
1047
1044
1044
1045
1038
1036
1039
1054
1066
1068
1060
1056
1051
1045
1045
1047
1050
1047
1049
1053
1058
1050
1043
1040
1039
1037
1038
1039
1042
1038
1033
1039
1055
1065
1065
1062
1053
1051
1041
1038
1043
1041
1031
1014
1009
1028
1054
1070
1067
1058
1052
1051
1049
1042
1042
1046
1053
1050
1044
1044
1050
1053
1051
1051
1051
1048
1051
1057
1057
1055
1049
1047
1047
1051
1052
1057
1058
1060
1056
1057
1061
1067
1065
1061
1054
1052
1055
1058
1060
1059
1057
1061
1064
1071
1073
1069
1063
1061
1063
1068
1066
1060
1056
1058
1061
1061
1055
1054
1055
1054
1051
1052
1054
1052
1052
1054
1060
1066
1066
1065
1069
1071
1076
1076
1073
1071
1064
1064
1065
1070
1069
1062
1066
1069
1071
1070
1070
1068
1067
1067
1068
1071
1073
1067
1064
1067
1075
1079
1075
1078
1077
1079
1086
1107
1117
1126
1139
1167
1193
1217
1229
1248
1281
1340
1399
1439
1453
1454
1457
1467
1469
1460
1439
1398
1355
1313
1273
1228
1176
1131
1093
1060
1033
1026
1022
1016
1014
1006
1002
997
991
988
981
978
981
983
983
980
976
976
976
974
974
973
974
973
976
981
982
979
979
981
989
994
993
993
994
1000
1004
1015
1015
1013
1014
1013
1018
1021
1018
1014
1016
1020
1021
1018
1016
1019
1021
1023
1024
1027
1028
1028
1027
1033
1043
1049
1052
1051
1057
1059
1062
1063
1065
1067
1063
1060
1059
1059
1055
1052
1048
1050
1051
1051
1047
1044
1042
1044
1046
1044
1039
1038
1032
1029
1034
1042
1045
1046
1043
1044
1048
1047
1047
1046
1051
1052
1052
1053
1052
1054
1055
1055
1055
1057
1055
1049
1047
1049
1054
1055
1052
1047
1045
1052
1054
1052
1048
1043
1044
1044
1044
1045
1045
1043
1041
1044
1045
1044
1042
1037
1041
1044
1045
1046
1045
1045
1039
1039
1042
1046
1046
1035
1034
1040
1043
1042
1040
1035
1036
1035
1040
1044
1042
1038
1041
1044
1048
1047
1045
1045
1045
1053
1068
1079
1092
1105
1125
1151
1178
1199
1229
1266
1320
1378
1423
1444
1446
1444
1446
1444
1436
1421
1384
1345
1306
1268
1228
1179
1127
1081
1044
1009
989
990
987
980
971
971
970
970
963
959
955
956
957
958
959
953
950
952
956
957
955
953
950
948
947
952
952
947
942
944
950
953
954
949
955
957
960
960
960
958
962
962
973
976
979
978
980
988
996
1002
1002
1004
1006
1011
1015
1023
1028
1026
1029
1037
1042
1045
1043
1043
1043
1046
1045
1043
1041
1041
1040
1038
1035
1037
1031
1029
1025
1028
1031
1030
1025
1017
1016
1013
1011
1009
1007
1005
1002
1002
1005
1007
1002
998
994
995
997
999
993
992
993
994
998
1001
1001
1000
999
1001
1014
1029
1041
1052
1061
1079
1096
1106
1106
1110
1130
1168
1213
1259
1281
1288
1300
1315
1324
1319
1302
1283
1247
1209
1179
1160
1129
1088
1045
1014
987
967
953
945
947
946
943
937
932
929
924
925
923
925
924
923
918
920
927
926
924
923
925
925
927
925
925
921
917
916
922
926
925
926
928
932
935
938
939
937
938
940
945
947
946
944
945
949
949
950
948
949
948
949
956
963
960
961
963
972
984
990
988
985
985
986
984
983
984
975
977
977
981
983
977
973
971
977
984
986
985
982
983
982
983
980
979
979
974
976
981
990
991
984
981
983
990
990
984
982
982
986
989
992
985
981
982
981
985
982
982
982
982
981
979
982
985
990
990
986
988
988
985
980
975
972
974
981
981
976
974
974
976
976
972
966
964
966
970
968
965
963
961
959
961
963
968
967
965
963
967
971
968
965
961
958
964
968
972
969
968
974
979
977
975
972
973
977
978
979
980
982
984
979
983
986
981
979
976
978
985
987
982
977
974
972
970
963
961
962
967
973
979
980
981
978
980
979
976
974
963
953
944
943
946
949
952
954
957
959
965
975
973
958
942
948
960
967
967
961
965
969
975
972
975
975
975
979
985
990
986
982
981
985
987
987
983
983
981
983
983
986
984
980
970
966
969
971
968
962
957
962
965
970
973
967
966
963
968
979
984
982
975
972
974
982
988
982
973
974
978
978
980
980
979
975
976
982
983
981
978
982
988
992
998
1013
1021
1031
1050
1072
1083
1096
1117
1145
1171
1198
1230
1264
1292
1308
1314
1305
1300
1313
1328
1333
1332
1326
1309
1274
1236
1212
1192
1163
1111
1053
1011
988
968
951
935
922
913
915
922
921
907
890
901
917
927
930
917
898
878
864
864
871
869
873
872
874
876
879
873
873
875
882
885
883
878
877
878
876
873
877
883
893
904
908
912
909
894
878
871
879
886
885
883
887
883
877
878
883
885
900
911
924
929
918
905
899
905
921
933
937
938
940
943
947
953
957
965
968
968
972
979
984
978
970
971
980
981
971
967
964
965
967
967
974
972
968
965
969
972
975
973
967
972
980
992
999
1000
994
980
964
952
954
965
970
971
977
989
995
995
987
984
977
982
982
986
987
985
986
987
990
987
983
980
985
984
986
980
980
983
987
989
989
985
981
979
983
990
991
986
976
974
980
982
981
976
976
981
983
986
987
980
978
981
992
1002
1013
1024
1042
1063
1082
1099
1130
1167
1216
1269
1316
1345
1354
1359
1365
1375
1378
1372
1357
1324
1287
1257
1232
1201
1160
1111
1060
1024
992
956
925
914
915
915
911
910
907
906
903
898
898
902
901
897
892
886
886
887
882
877
874
871
881
879
878
878
876
876
881
882
885
885
883
881
885
885
887
887
885
884
885
889
891
888
885
891
897
900
901
903
905
906
910
918
921
923
922
925
933
938
941
940
938
945
954
957
957
961
960
961
964
969
973
974
970
965
967
972
968
966
961
960
964
963
966
963
961
959
958
960
965
959
956
952
952
952
953
947
945
941
946
945
944
943
943
944
945
944
946
940
935
932
935
941
942
939
937
937
936
937
933
934
930
929
933
937
939
939
935
932
936
940
936
934
931
933
935
937
941
947
947
945
946
948
947
941
937
939
942
944
940
943
943
940
944
948
949
947
942
940
939
947
952
959
962
975
990
1012
1030
1045
1060
1074
1100
1135
1190
1246
1293
1317
1329
1336
1343
1340
1332
1316
1290
1252
1210
1175
1139
1090
1031
987
960
926
896
878
878
880
877
871
860
855
857
854
853
849
849
850
850
849
848
851
851
849
846
849
851
847
844
841
845
848
847
843
840
839
843
844
844
838
836
837
839
842
847
845
844
843
846
852
852
850
849
852
854
857
860
860
859
860
865
870
874
874
869
873
879
885
888
889
894
896
902
905
906
908
906
905
908
912
912
909
906
908
909
912
912
909
905
903
902
905
903
903
894
893
897
897
896
890
889
888
888
889
893
892
886
883
885
888
888
886
885
884
891
893
893
892
886
880
879
884
888
884
883
883
884
888
888
887
889
887
890
891
894
892
888
888
888
890
888
887
883
885
885
887
888
889
887
884
887
892
889
886
885
885
888
889
891
889
887
886
885
889
893
888
884
884
889
892
890
890
890
893
893
898
900
900
898
894
893
897
896
889
885
885
893
898
898
894
891
894
897
896
893
892
892
896
901
903
906
905
905
905
906
907
904
896
886
886
893
899
899
893
891
892
901
903
903
898
899
901
904
909
903
904
900
898
905
921
928
922
906
891
891
895
902
906
909
908
908
915
921
917
911
913
911
912
917
917
911
907
905
905
911
919
925
934
939
944
949
941
925
909
908
916
917
911
918
932
941
932
931
942
962
976
984
1003
1034
1045
1043
1044
1071
1118
1173
1222
1258
1283
1299
1319
1327
1315
1297
1285
1271
1241
1202
1165
1126
1075
1004
951
926
911
889
876
888
900
891
862
844
847
868
880
882
870
861
852
839
828
829
835
842
848
864
869
849
814
800
812
833
832
823
825
834
844
847
841
834
833
839
839
836
834
836
838
839
842
853
861
864
863
865
862
861
865
875
874
871
875
886
902
915
917
926
933
927
928
939
947
941
933
933
946
957
951
935
922
915
925
935
936
931
935
940
943
936
925
917
918
928
942
947
935
930
935
940
947
945
938
931
933
943
952
961
964
958
950
943
948
954
957
961
967
975
985
991
988
985
985
987
986
970
934
882
840
809
790
777
761
753
765
789
821
838
851
866
888
893
872
852
862
898
949
981
993
987
974
966
957
950
949
941
941
947
955
974
1000
1015
1013
998
974
952
961
984
997
990
975
967
970
987
1015
1023
1019
1016
1024
1035
1040
1044
1053
1057
1062
1074
1099
1121
1123
1107
1085
1082
1114
1145
1142
1114
1103
1121
1140
1146
1145
1158
1182
1205
1207
1185
1170
1183
1191
1178
1160
1145
1138
1145
1159
1164
1148
1130
1120
1121
1125
1116
1093
1067
1048
1056
1082
1095
1078
1032
1006
1014
1045
1062
1054
1046
1048
1064
1078
1054
1021
1019
1039
1051
1045
1025
1000
986
989
994
993
1004
1033
1050
1044
1021
1003
1001
1011
1029
1044
1045
1032
1004
984
981
996
1014
1018
1027
1045
1070
1071
1063
1048
1013
971
968
979
1005
1033
1062
1086
1074
1040
1006
991
989
995
1015
1031
1041
1045
1042
1029
1026
1034
1043
1042
1024
1006
1008
1036
1057
1062
1033
985
948
952
984
1016
1021
1008
996
994
995
1000
1008
1010
1004
1002
999
996
982
972
984
996
989
976
976
977
993
1016
1025
1006
984
977
988
987
976
971
987
1001
1000
997
1016
1031
1022
1000
987
980
982
1007
1046
1082
1092
1082
1075
1082
1094
1121
1164
1188
1195
1211
1243
1270
1291
1316
1337
1339
1321
1288
1251
1224
1209
1184
1132
1051
986
935
903
893
903
901
892
890
900
919
942
938
895
849
842
869
888
889
897
940
980
949
878
833
843
872
884
874
869
873
879
888
898
897
885
863
839
831
854
885
915
915
884
854
854
886
906
911
908
897
881
882
896
909
904
886
874
877
871
851
832
842
870
891
901
907
922
943
944
953
953
954
949
928
906
894
898
914
940
948
939
928
933
935
933
935
917
894
885
889
891
889
898
922
939
942
949
960
963
960
941
893
859
870
911
932
915
897
905
940
960
957
941
905
874
871
894
919
930
918
884
864
880
920
945
944
933
916
905
910
913
919
918
912
907
894
874
871
890
910
927
930
934
929
919
905
907
909
916
935
958
987
982
933
897
875
880
902
911
903
896
900
910
917
915
924
944
959
971
979
951
896
863
875
902
918
910
905
902
901
902
896
888
887
904
935
969
972
944
926
934
936
906
878
883
905
904
895
898
917
936
966
991
987
945
895
874
885
894
891
894
916
954
979
962
917
894
906
928
915
880
858
868
890
901
912
922
938
942
927
905
909
946
972
960
933
913
898
875
873
898
940
965
947
898
859
858
883
909
915
915
922
936
944
942
939
947
973
997
982
932
885
866
872
892
914
951
996
1017
1016
1019
1033
1047
1063
1079
1081
1095
1152
1249
1291
1255
1205
1209
1248
1258
1252
1240
1219
1188
1159
1133
1122
1087
1015
950
935
954
939
872
815
819
863
901
918
914
899
886
882
890
888
862
849
845
849
842
842
854
877
878
868
874
897
903
892
878
890
910
908
874
832
812
832
888
926
927
910
902
915
936
944
931
907
895
908
942
962
937
891
868
877
900
903
901
913
953
979
945
873
835
853
889
916
927
955
994
1009
974
916
900
923
936
923
926
969
1011
1006
960
922
907
917
931
937
941
956
975
995
1002
1008
1001
975
941
925
924
931
962
1012
1045
1020
958
915
913
933
945
949
961
984
1019
1053
1074
1077
1063
1051
1050
1032
988
931
901
890
874
852
828
823
826
825
799
775
758
746
723
702
686
685
696
723
764
801
817
797
766
762
791
833
876
904
907
898
900
914
933
949
958
959
962
966
970
972
979
992
1010
1025
1038
1049
1072
1111
1118
1062
986
960
995
1049
1063
1040
1014
1017
1020
1016
1022
1040
1051
1052
1057
1067
1080
1083
1075
1077
1102
1131
1146
1149
1151
1151
1155
1168
1189
1210
1236
1257
1260
1245
1222
1219
1246
1267
1246
1195
1160
1166
1207
1248
1256
1229
1180
1143
1140
1153
1160
1159
1150
1131
1104
1102
1118
1143
1163
1177
1162
1128
1096
1063
1024
1002
993
993
989
975
945
867
744
664
661
699
732
736
718
706
711
738
764
778
775
775
791
819
855
891
913
929
943
959
975
991
1001
1007
1024
1036
1041
1036
1053
1092
1114
1086
1041
1028
1053
1087
1100
1087
1064
1052
1059
1070
1088
1114
1132
1138
1142
1144
1147
1155
1170
1185
1190
1196
1205
1215
1231
1245
1263
1274
1278
1275
1273
1273
1283
1293
1283
1261
1256
1268
1283
1294
1305
1316
1320
1315
1299
1276
1265
1259
1256
1248
1236
1225
1218
1209
1201
1207
1220
1216
1183
1124
1090
1094
1122
1142
1143
1128
1118
1134
1171
1198
1204
1196
1187
1163
1106
1037
996
986
995
990
968
937
903
865
840
803
762
729
725
735
743
753
762
786
816
822
805
796
800
816
857
927
993
992
926
872
882
928
960
977
988
1009
1032
1048
1052
1055
1060
1064
1070
1076
1085
1094
1112
1129
1146
1131
1104
1102
1136
1163
1149
1115
1106
1123
1134
1150
1181
1220
1232
1204
1166
1158
1187
1223
1248
1259
1260
1245
1213
1193
1200
1224
1259
1277
1288
1282
1278
1273
1273
1280
1284
1284
1281
1279
1275
1263
1250
1252
1261
1274
1287
1286
1254
1203
1177
1195
1197
1152
1101
1111
1161
1175
1120
1046
1018
1040
1082
1109
1105
1079
1062
1062
1064
1063
1066
1072
1080
1088
1098
1087
1047
1017
1026
1075
1120
1123
1105
1102
1111
1112
1100
1082
1066
1056
1055
1054
1060
1064
1069
1077
1087
1089
1074
1051
1036
1026
1025
1043
1061
1061
1056
1052
1055
1063
1068
1072
1072
1071
1078
1081
1088
1092
1090
1084
1077
1075
1076
1074
1062
1050
1040
1052
1067
1067
1043
1018
1004
1014
1032
1043
1050
1063
1076
1079
1061
1037
1032
1062
1105
1121
1105
1070
1034
1023
1036
1051
1048
1038
1037
1045
1057
1055
1057
1064
1072
1062
1035
1010
1012
1033
1049
1052
1048
1039
1043
1035
1021
1014
1018
1034
1051
1052
1045
1027
1018
1019
1030
1040
1041
1038
1039
1051
1060
1064
1055
1042
1031
1038
1053
1067
1066
1042
1011
995
1009
1030
1039
1042
1042
1054
1067
1082
1097
1077
1040
1009
1017
1036
1044
1039
1037
1051
1080
1114
1122
1087
1023
973
966
995
1014
1013
1002
998
1004
1016
1025
1039
1055
1074
1078
1058
1022
1005
1029
1076
1100
1075
1021
995
1012
1041
1068
1097
1120
1149
1181
1194
1170
1160
1187
1228
1257
1270
1283
1305
1325
1336
1340
1337
1320
1285
1241
1208
1167
1122
1075
1051
1043
1024
990
955
948
972
1001
1017
1018
988
953
932
937
952
964
950
918
883
865
877
902
921
926
916
900
898
913
929
927
917
910
907
911
919
932
944
956
949
933
924
928
946
959
967
973
978
986
1003
1013
1017
992
936
888
882
906
925
930
928
933
943
953
962
962
958
960
971
982
986
975
964
960
970
998
1022
1016
1007
1005
1008
1002
993
983
990
1009
1033
1049
1056
1049
1037
1034
1037
1020
988
965
983
1007
1019
1019
1019
1023
1027
1028
1030
1033
1030
1030
1035
1043
1045
1038
1035
1040
1047
1058
1068
1079
1088
1087
1051
996
966
976
1000
1014
1015
1016
1026
1044
1067
1077
1066
1040
1009
981
963
959
962
964
952
912
852
802
782
777
776
764
758
759
768
785
810
839
864
875
860
840
833
863
912
941
935
910
889
883
887
896
918
940
955
959
971
986
994
996
1009
1028
1031
1015
1006
1012
1023
1027
1028
1037
1057
1075
1075
1060
1046
1046
1054
1062
1060
1056
1058
1067
1072
1081
1091
1102
1114
1123
1130
1139
1145
1146
1154
1166
1180
1186
1193
1199
1211
1220
1230
1238
1244
1237
1227
1229
1250
1283
1297
1276
1245
1227
1224
1218
1207
1196
1190
1186
1183
1179
1171
1158
1143
1131
1117
1103
1103
1088
1068
1052
1045
1048
1043
1037
1038
1037
1033
1032
1030
1030
1030
1030
1020
998
981
966
957
971
990
1010
1025
1024
1000
961
932
939
960
976
975
962
962
973
987
984
973
964
965
973
985
991
992
986
988
994
996
985
979
984
1015
1049
1043
986
920
890
904
937
955
964
963
962
960
959
962
959
953
946
947
951
950
949
950
951
946
943
943
946
959
979
989
992
988
987
982
977
967
942
920
926
946
949
931
911
907
910
911
909
915
929
942
945
940
939
944
965
992
1002
1007
1014
1029
1036
1035
1027
1022
1036
1066
1108
1140
1153
1145
1123
1123
1142
1160
1167
1165
1153
1140
1126
1105
1065
1026
986
960
944
938
924
902
885
882
880
879
877
887
896
889
866
851
851
858
864
867
873
874
871
859
843
836
840
845
851
859
858
851
842
837
843
849
856
858
858
864
865
864
864
867
865
860
851
842
846
866
885
892
883
875
869
872
874
881
900
933
938
892
836
807
813
836
852
857
864
870
874
879
884
888
901
908
900
892
894
907
924
919
899
893
902
915
929
934
920
908
908
916
926
932
934
926
912
911
919
926
931
923
922
925
930
936
936
933
924
915
908
913
917
915
914
916
923
931
931
925
918
912
912
915
919
920
921
925
927
923
918
914
915
922
916
914
919
931
935
939
940
940
931
915
902
905
914
927
939
947
944
934
928
927
930
927
927
932
935
933
922
916
920
925
929
933
932
929
928
929
933
933
928
920
916
917
925
929
931
927
918
915
920
928
928
921
914
910
918
930
942
955
968
970
952
923
903
902
910
909
913
925
932
932
929
927
927
946
949
939
920
917
932
944
946
945
949
957
955
950
944
947
948
946
948
949
952
951
946
948
952
957
957
956
953
949
954
955
958
971
985
993
982
970
959
951
938
919
906
895
881
875
880
895
916
937
951
967
981
1006
1022
1026
1027
1040
1040
1031
1017
996
981
970
959
954
954
954
951
950
948
944
947
948
957
975
977
960
946
949
957
970
971
967
971
973
975
967
964
965
970
969
964
961
963
968
974
974
967
964
972
978
987
992
991
992
996
997
994
996
992
996
1000
1000
1011
1016
1018
1022
1020
1020
1024
1035
1038
1041
1039
1036
1040
1045
1048
1048
1039
1035
1044
1053
1047
1037
1029
1031
1035
1037
1042
1040
1034
1028
1028
1025
1023
1023
1025
1025
1024
1021
1019
1016
1012
1009
1013
1022
1019
1004
993
995
1012
1024
1019
1006
1000
1001
1006
1007
1012
1012
1011
1012
1012
1005
1001
1001
999
1002
1000
998
997
1001
1005
1002
1013
1018
1018
1014
1006
1002
993
997
1012
1023
1023
1006
1000
997
999
1002
1008
1018
1029
1029
1014
1000
997
1011
1023
1023
1010
1005
1007
1015
1020
1021
1020
1020
1015
1008
1010
1014
1015
1007
1006
1003
1009
1014
1015
1012
1010
1009
1014
1020
1024
1016
1006
1005
1010
1005
990
990
994
1014
1025
1018
1008
1002
992
987
992
1008
1024
1023
1016
1007
1005
1013
1006
1006
1000
998
1001
1006
1008
1005
1001
1004
1010
1012
1010
1009
1009
1014
1018
1019
1017
1012
1015
1020
1025
1020
1015
1016
1014
1010
1002
1011
1018
1021
1021
1027
1026
1023
1022
1019
1018
1014
1012
1013
1015
1018
1016
1018
1019
1016
1008
1004
1006
1017
1028
1035
1033
1027
1021
1021
1027
1029
1023
1023
1023
1029
1035
1034
1030
1026
1023
1027
1032
1034
1034
1034
1037
1037
1033
1039
1036
1029
1025
1022
1028
1048
1055
1056
1053
1050
1052
1053
1047
1031
995
965
965
993
1026
1046
1054
1071
1098
1120
1139
1146
1137
1128
1128
1124
1115
1090
1066
1053
1043
1034
1029
1029
1030
1029
1029
1035
1034
1031
1030
1030
1034
1040
1038
1034
1029
1033
1036
1035
1028
1027
1032
1031
1032
1037
1037
1036
1031
1031
1036
1043
1043
1041
1035
1033
1031
1032
1033
1039
1039
1036
1040
1050
1058
1057
1054
1049
1051
1059
1059
1058
1054
1060
1068
1078
1080
1080
1078
1080
1087
1091
1102
1100
1096
1094
1096
1104
1111
1109
1099
1095
1095
1107
1108
1096
1076
1070
1080
1109
1120
1120
1115
1109
1100
1094
1091
1089
1083
1074
1076
1089
1093
1088
1083
1078
1077
1082
1079
1075
1072
1072
1069
1074
1081
1085
1089
1090
1094
1092
1083
1074
1073
1086
1099
1109
1106
1097
1089
1088
1090
1098
1095
1092
1088
1094
1094
1094
1091
1087
1082
1081
1084
1092
1095
1095
1091
1090
1095
1097
1090
1083
1078
1075
1075
1074
1080
1081
1071
1059
1058
1067
1074
1072
1071
1076
1076
1075
1071
1065
1061
1061
1066
1073
1069
1064
1060
1066
1074
1084
1082
1081
1077
1077
1082
1090
1088
1090
1092
1099
1103
1107
1107
1106
1104
1110
1128
1156
1176
1189
1200
1215
1230
1246
1259
1270
1277
1285
1287
1274
1254
1236
1211
1180
1140
1110
1102
1091
1065
1050
1050
1057
1057
1051
1037
1030
1033
1035
1029
1025
1022
1023
1026
1028
1030
1031
1027
1023
1019
1021
1025
1026
1024
1019
1023
1025
1031
1029
1025
1027
1033
1040
1038
1043
1044
1053
1059
1057
1055
1055
1058
1061
1060
1060
1064
1071
1077
1079
1087
1095
1096
1094
1094
1101
1108
1109
1108
1109
1105
1103
1104
1106
1106
1104
1101
1101
1103
1102
1099
1091
1082
1077
1073
1076
1068
1063
1062
1066
1063
1056
1053
1055
1054
1057
1057
1054
1055
1050
1048
1051
1055
1056
1055
1053
1051
1054
1055
1058
1062
1063
1060
1056
1051
1053
1054
1051
1049
1049
1052
1053
1052
1051
1047
1041
1043
1047
1047
1038
1032
1034
1035
1041
1042
1040
1034
1030
1030
1036
1039
1034
1027
1022
1022
1024
1028
1031
1030
1030
1028
1030
1029
1026
1024
1027
1037
1046
1043
1039
1035
1037
1039
1045
1047
1044
1040
1045
1051
1049
1045
1045
1049
1050
1052
1048
1045
1042
1044
1049
1052
1055
1054
1047
1043
1043
1050
1060
1059
1054
1057
1072
1080
1087
1090
1096
1107
1127
1154
1176
1192
1196
1202
1219
1245
1257
1249
1246
1242
1232
1223
1206
1185
1146
1102
1072
1048
1031
1022
1020
1016
1015
1010
1011
1013
1013
1007
998
995
1004
1003
998
991
994
999
999
996
988
990
991
990
991
995
994
991
991
994
996
997
992
995
996
999
1002
1002
999
993
999
1010
1019
1021
1018
1017
1025
1031
1034
1031
1036
1039
1038
1045
1050
1052
1054
1054
1061
1066
1072
1069
1065
1057
1058
1061
1069
1069
1059
1057
1057
1057
1054
1049
1043
1039
1040
1041
1042
1042
1038
1034
1035
1039
1041
1035
1030
1026
1024
1026
1031
1029
1026
1017
1025
1031
1037
1035
1029
1029
1028
1029
1028
1028
1031
1026
1020
1025
1033
1036
1028
1027
1024
1023
1025
1030
1025
1017
1015
1016
1016
1020
1023
1021
1017
1011
1009
1014
1016
1014
1010
1012
1015
1016
1016
1010
1007
1007
1008
1004
999
1002
1008
1012
1009
1007
1007
1008
1013
1021
1026
1023
1013
1007
1016
1020
1023
1023
1021
1019
1022
1026
1027
1025
1022
1020
1022
1027
1031
1031
1022
1014
1017
1018
1018
1018
1016
1017
1021
1023
1019
1014
1010
1008
1009
1004
1005
1001
996
995
993
994
999
996
992
992
993
995
1000
1000
995
991
992
998
1006
1008
1003
999
1005
1010
1014
1011
1007
1002
1004
1008
1012
1010
1009
1010
1011
1012
1012
1013
1012
1007
1006
1011
1011
1010
1008
1012
1014
1009
1013
1009
1004
1002
1004
1012
1015
1018
1016
1015
1022
1036
1049
1060
1069
1080
1099
1130
1166
1181
1189
1197
1215
1241
1258
1265
1261
1244
1224
1207
1183
1142
1085
1048
1016
988
978
978
978
968
959
960
967
963
957
950
946
947
950
948
942
937
933
932
932
927
917
911
915
922
928
926
923
919
917
922
926
926
919
915
920
931
937
935
927
930
945
951
948
945
947
948
945
951
961
966
966
964
965
962
962
968
972
977
982
984
991
993
992
989
990
994
1005
1007
1002
997
993
995
994
993
1000
998
999
992
989
988
988
984
988
988
988
982
984
984
982
985
986
978
974
982
984
985
985
980
977
978
985
995
1000
993
990
986
985
985
991
1001
996
988
984
986
989
987
979
971
971
973
973
967
962
961
966
968
974
972
968
963
960
964
970
970
972
971
968
968
967
968
968
964
969
971
979
981
978
974
973
974
979
982
980
973
972
975
978
972
967
964
968
969
970
969
963
959
960
966
968
962
953
956
955
959
963
963
966
973
979
986
996
1009
1025
1046
1071
1095
1129
1172
1207
1227
1239
1247
1259
1271
1273
1272
1258
1237
1220
1198
1169
1127
1072
1036
1007
975
945
934
931
935
937
931
921
916
915
915
910
909
906
903
896
892
895
892
887
887
888
893
895
893
891
892
893
895
898
899
898
896
900
904
908
907
903
902
909
913
917
911
909
912
915
920
921
919
923
925
928
929
935
939
942
944
948
956
963
961
956
963
968
974
980
981
985
985
986
988
988
984
973
963
960
971
975
968
965
965
966
967
966
962
959
956
956
960
966
963
955
947
948
952
955
954
948
945
947
945
951
950
947
941
938
944
944
941
941
937
941
947
957
966
965
961
961
968
983
985
987
999
1031
1069
1110
1134
1144
1159
1184
1203
1207
1199
1187
1172
1147
1128
1103
1065
1023
989
959
932
910
897
887
882
884
880
879
871
868
867
864
862
868
861
858
852
855
858
860
856
858
857
856
858
866
869
862
859
867
870
873
871
875
879
881
886
892
891
892
892
894
900
905
907
908
910
913
919
923
927
927
925
929
934
938
944
942
944
945
950
955
952
949
948
945
942
945
944
946
940
937
936
939
940
938
929
926
929
931
927
921
916
914
916
913
912
908
910
914
916
917
921
922
920
918
921
923
925
921
916
914
921
925
932
937
945
948
955
965
966
962
961
967
990
1030
1074
1111
1126
1141
1162
1190
1206
1211
1209
1203
1190
1171
1149
1128
1091
1041
994
964
926
889
865
860
865
867
861
851
846
846
842
841
840
837
834
835
836
842
843
840
837
838
847
849
843
839
841
842
839
845
844
843
836
836
840
845
840
840
837
841
846
849
844
844
846
847
853
859
859
857
859
865
870
873
875
879
885
888
895
899
905
907
908
911
914
921
917
911
911
912
915
913
917
913
913
914
917
921
915
909
911
908
907
908
908
905
903
901
903
904
903
897
892
896
899
901
896
897
896
895
894
898
898
896
894
891
896
900
897
894
888
894
895
900
899
901
902
899
903
902
897
894
894
902
909
915
912
904
902
900
907
909
906
903
903
906
911
910
903
902
900
900
898
901
901
898
896
894
899
901
902
896
894
892
897
898
894
888
889
890
896
898
892
888
884
883
886
893
898
893
889
885
888
894
892
888
888
891
898
902
900
897
897
899
898
897
895
894
891
892
897
902
905
903
901
902
910
909
907
905
901
904
907
909
909
907
904
904
907
906
908
905
900
903
905
907
903
898
901
904
907
905
905
904
901
899
903
906
908
905
904
907
910
911
910
904
904
904
907
913
911
910
908
908
908
908
906
902
901
906
909
909
908
904
905
904
909
912
913
908
902
902
908
910
907
906
908
907
907
910
909
903
900
901
907
912
908
903
903
909
910
912
909
911
911
912
913
915
915
914
910
910
909
905
898
895
901
911
913
914
912
907
905
907
909
909
910
909
904
907
913
917
913
908
906
911
922
928
932
935
938
949
961
977
992
1003
1016
1030
1049
1071
1110
1161
1199
1226
1244
1259
1261
1263
1271
1277
1283
1282
1272
1244
1210
1181
1152
1119
1080
1026
983
955
930
900
871
864
867
867
863
856
855
849
844
840
845
845
844
838
835
833
835
836
835
830
829
829
828
828
831
826
823
820
820
825
827
823
824
826
831
833
832
826
827
828
836
835
837
838
837
837
838
841
842
842
838
841
846
850
846
844
845
851
851
853
853
853
853
856
856
864
869
874
876
882
886
893
895
898
904
909
913
917
922
921
920
922
930
934
932
931
926
927
932
934
934
932
930
930
935
938
939
937
935
939
946
947
946
942
941
944
943
946
947
943
937
933
939
944
944
942
940
944
955
973
983
996
1008
1024
1034
1030
1007
965
900
820
740
665
598
554
530
515
509
512
524
544
563
589
613
652
685
719
758
799
840
872
890
901
908
916
924
928
932
935
938
938
941
942
948
949
948
950
952
955
955
949
944
942
947
954
954
952
949
950
957
964
967
961
962
971
974
981
980
980
983
986
989
996
1002
1007
1013
1014
1017
1028
1033
1036
1040
1044
1054
1068
1072
1076
1078
1088
1097
1100
1101
1104
1109
1112
1117
1119
1117
1120
1114
1110
1108
1103
1100
1093
1081
1075
1072
1067
1059
1042
1031
1021
1017
1011
998
987
979
975
974
972
965
960
955
950
949
947
947
946
941
934
940
942
939
934
928
931
932
932
933
933
932
932
932
934
931
928
923
925
926
927
924
920
918
922
920
921
921
922
921
919
922
921
922
918
913
916
920
923
919
918
917
918
921
920
916
918
916
912
913
917
915
910
912
914
915
913
913
911
909
910
912
914
915
911
911
914
918
918
915
914
915
915
916
923
934
944
950
954
972
983
985
993
997
999
1003
1020
1044
1066
1081
1090
1105
1125
1140
1146
1147
1141
1125
1106
1083
1062
1027
989
956
937
918
901
893
894
896
895
889
883
878
880
884
881
876
867
866
867
867
866
864
862
859
862
863
864
864
864
863
862
864
866
866
864
860
865
872
874
871
868
871
872
873
878
881
882
883
882
887
894
896
891
889
889
889
897
897
897
898
902
907
907
906
908
909
911
913
914
918
917
913
915
917
921
924
922
918
916
922
923
923
926
924
922
917
917
919
920
916
915
916
910
905
898
896
901
906
909
911
909
907
910
914
917
915
914
915
921
923
922
919
918
917
917
916
921
918
919
914
914
913
912
908
902
901
899
900
904
900
896
894
898
902
901
896
894
892
889
888
892
888
885
881
884
892
894
891
890
888
889
892
892
891
890
887
890
895
896
897
893
889
892
894
894
894
889
885
893
905
916
920
923
925
934
939
949
957
969
983
1010
1034
1049
1054
1058
1072
1087
1094
1095
1079
1057
1035
1015
1001
973
933
898
874
855
845
843
844
841
839
836
837
838
831
826
825
826
826
825
820
819
824
828
830
830
829
826
825
825
827
830
829
830
827
827
831
831
834
830
829
834
836
838
835
834
832
837
840
842
846
845
844
843
846
848
846
840
837
841
850
855
856
855
857
861
865
866
866
871
871
870
877
883
881
880
881
883
884
883
884
881
876
875
879
883
882
875
873
874
874
876
875
872
872
869
867
871
870
871
868
863
870
872
870
866
862
866
866
865
863
859
852
851
855
858
856
853
850
854
857
856
855
853
852
852
853
860
857
855
851
856
858
861
860
866
868
868
867
866
865
860
857
868
905
947
985
1015
1038
1073
1105
1127
1127
1122
1110
1100
1087
1060
1012
963
926
896
869
857
853
852
849
845
845
846
841
839
838
837
838
837
835
831
827
826
827
833
830
824
824
828
832
835
838
834
837
840
845
846
846
847
847
849
854
862
864
864
863
868
871
881
880
880
879
885
893
896
894
894
893
898
900
907
910
908
909
914
919
926
924
921
919
921
920
920
922
918
914
915
915
918
916
909
903
905
906
906
903
898
897
897
899
901
902
902
903
901
905
913
913
912
910
915
919
922
926
925
927
933
939
942
936
935
930
925
923
945
983
1028
1061
1083
1110
1143
1173
1189
1196
1195
1191
1173
1152
1130
1087
1025
983
947
918
896
895
894
895
892
886
877
872
871
871
873
868
865
862
864
866
869
870
867
863
869
871
874
874
877
877
876
874
880
883
879
877
877
887
889
891
893
895
899
902
907
906
906
910
915
924
928
931
936
934
936
942
945
943
942
945
952
956
960
962
959
955
955
957
959
958
954
955
959
961
962
960
958
957
959
961
965
964
957
954
956
956
957
956
957
957
957
958
963
966
963
961
965
969
974
971
968
966
977
984
989
989
995
999
1003
1002
1011
1029
1060
1105
1154
1190
1211
1229
1255
1280
1289
1296
1295
1282
1261
1238
1212
1170
1120
1070
1024
985
960
954
957
955
948
940
936
936
937
933
926
919
918
917
917
915
913
909
906
911
915
915
912
911
916
921
923
921
923
924
925
928
933
932
928
932
934
940
939
937
942
943
949
959
969
973
975
979
986
995
1002
1009
1010
1013
1018
1024
1028
1030
1028
1028
1034
1036
1036
1031
1029
1025
1021
1018
1019
1017
1014
1011
1009
1014
1015
1010
1008
1007
1005
1009
1011
1009
1007
1005
1007
1014
1016
1018
1018
1015
1020
1022
1024
1025
1020
1017
1018
1025
1028
1026
1022
1021
1022
1021
1025
1023
1023
1024
1023
1027
1033
1028
1024
1020
1024
1027
1030
1025
1023
1023
1023
1024
1027
1022
1017
1014
1016
1021
1021
1019
1017
1016
1018
1022
1024
1026
1024
1022
1027
1033
1037
1035
1036
1037
1038
1038
1045
1045
1047
1049
1048
1049
1058
1056
1049
1048
1052
1055
1057
1062
1068
1079
1086
1094
1109
1129
1144
1157
1175
1205
1234
1275
1319
1359
1384
1393
1398
1408
1414
1405
1396
1373
1343
1306
1266
1225
1174
1128
1087
1049
1024
1017
1016
1014
1014
1008
999
994
995
998
996
990
991
987
985
987
992
991
987
989
994
997
1001
1001
1000
997
998
1001
1003
1001
996
996
999
1000
1002
1000
1001
1000
1000
1000
1006
1007
1003
998
1001
1007
1006
1006
1005
1007
1010
1018
1023
1023
1026
1030
1038
1048
1052
1058
1065
1067
1072
1078
1087
1088
1087
1089
1096
1101
1104
1107
1105
1100
1100
1104
1110
1109
1106
1104
1106
1107
1110
1109
1107
1105
1105
1107
1109
1106
1104
1102
1102
1103
1103
1098
1099
1093
1097
1104
1115
1120
1119
1103
1086
1075
1070
1059
1057
1068
1085
1097
1115
1129
1151
1188
1235
1274
1298
1324
1349
1364
1367
1376
1381
1379
1359
1327
1293
1273
1256
1221
1178
1142
1111
1079
1056
1045
1038
1038
1034
1029
1026
1020
1015
1010
1010
1007
1008
1002
995
993
997
994
992
989
986
983
981
982
985
985
983
980
982
989
992
994
991
994
998
1001
1003
1009
1010
1012
1013
1022
1027
1024
1022
1023
1026
1033
1038
1041
1044
1042
1048
1052
1058
1062
1066
1067
1071
1082
1089
1088
1089
1093
1095
1098
1101
1102
1099
1094
1096
1098
1101
1097
1093
1091
1092
1088
1087
1084
1079
1075
1075
1076
1082
1077
1072
1073
1081
1086
1086
1086
1091
1098
1108
1124
1139
1139
1143
1148
1152
1152
1167
1192
1240
1292
1335
1363
1379
1390
1408
1414
1417
1416
1407
1384
1357
1332
1305
1264
1218
1170
1126
1083
1047
1031
1036
1036
1023
1014
1008
1009
1005
997
991
987
983
979
979
979
975
973
974
977
978
977
975
976
982
988
990
992
994
994
997
1002
1007
1010
1009
1009
1012
1019
1023
1025
1026
1025
1027
1029
1037
1039
1038
1036
1040
1046
1051
1049
1050
1053
1060
1067
1070
1068
1074
1074
1079
1082
1083
1082
1083
1078
1080
1080
1080
1075
1069
1067
1070
1072
1069
1064
1064
1063
1061
1059
1061
1063
1061
1057
1062
1070
1075
1073
1072
1077
1090
1096
1100
1102
1105
1111
1119
1127
1139
1152
1175
1213
1261
1303
1322
1336
1350
1370
1384
1389
1385
1368
1342
1309
1280
1241
1189
1134
1087
1042
1019
1016
1017
1010
993
985
983
984
979
973
969
963
958
962
962
957
953
953
956
960
965
963
964
965
972
971
973
977
977
976
978
982
989
990
987
990
989
993
996
997
996
996
998
1005
1009
1009
1007
1008
1014
1018
1020
1019
1022
1022
1028
1033
1038
1039
1038
1035
1040
1040
1039
1038
1037
1032
1032
1033
1034
1031
1031
1030
1032
1038
1039
1034
1032
1031
1033
1039
1042
1039
1038
1034
1033
1041
1043
1040
1035
1035
1036
1039
1040
1036
1036
1034
1035
1035
1048
1059
1063
1065
1075
1094
1099
1097
1091
1095
1118
1157
1201
1241
1271
1286
1302
1325
1342
1347
1343
1338
1322
1304
1284
1263
1235
1196
1154
1119
1089
1052
1009
979
971
979
979
976
970
965
961
956
955
954
949
942
941
942
941
940
934
929
929
933
935
931
924
925
928
928
926
926
924
922
925
926
924
926
923
919
920
924
926
928
926
927
929
928
931
934
935
939
941
943
949
953
950
956
969
978
981
986
987
994
999
1004
1005
1008
1008
1011
1011
1014
1017
1010
1010
1007
1007
1010
1012
1008
1007
1004
1004
1006
1006
1006
1003
1002
1002
1007
1009
1001
1000
998
1004
1002
1000
997
994
993
992
993
992
989
986
981
978
982
982
984
977
977
984
990
993
994
992
996
996
995
999
999
997
997
996
1003
1002
996
993
990
993
993
993
991
990
984
985
985
991
989
981
979
983
986
986
982
981
980
982
981
980
982
981
977
974
974
978
979
971
963
962
969
970
961
959
963
965
969
973
976
975
974
975
978
981
978
977
973
973
980
982
979
