-11
-11
-21
-25
-27
-34
-47
-54
-64
-79
-86
-76
-74
-73
-62
-69
-74
-66
-68
-66
-66
-57
-61
-64
-58
-61
-62
-51
-46
-36
-11
-5
-20
-48
-20
50
112
118
-38
-184
-218
-151
-82
-107
-147
-137
-121
-102
-73
-38
-17
-13
-14
-14
-9
-10
-7
-5
3
8
16
2
12
24
20
18
15
28
20
15
11
1
-6
-3
-2
0
4
2
-9
-15
-9
-12
-14
-7
-15
-15
-7
-8
-8
-8
-3
-10
-11
-5
-4
-4
-2
-1
0
6
11
4
12
12
10
3
3
2
-6
-2
-2
-1
3
-2
-17
-23
-24
-27
-29
-30
-28
-35
-37
-32
-42
-48
-41
-47
-48
-49
-42
-44
-48
-42
-43
-49
-44
-44
-45
-43
-33
-39
-36
-20
-4
7
10
2
9
27
35
31
56
63
48
26
7
1
-9
-16
-15
-24
-27
-32
-59
-77
-81
-77
-89
-89
-87
-92
-92
-88
-93
-88
-83
-84
-87
-88
-82
-78
-84
-81
-80
-86
-82
-80
-63
-43
-55
-91
-102
-49
44
112
94
-72
-210
-225
-148
-138
-195
-188
-170
-154
-130
-100
-78
-71
-69
-67
-64
-57
-51
-56
-49
-42
-43
-43
-39
-39
-43
-44
-43
-50
-44
-41
-47
-42
-38
-45
-50
-48
-53
-61
-57
-57
-65
-68
-71
-76
-80
-77
-75
-79
-82
-82
-86
-84
-84
-91
-83
-77
-76
-79
-80
-71
-69
-75
-64
-67
-74
-66
-60
-66
-70
-77
-87
-88
-87
-82
-89
-88
-92
-99
-99
-88
-96
-96
-92
-89
-94
-91
-94
-102
-98
-100
-106
-111
-100
-104
-109
-104
-102
-109
-114
-109
-109
-103
-94
-87
-80
-62
-52
-60
-60
-48
-34
-43
-37
-23
-15
-22
-44
-63
-67
-66
-74
-88
-92
-98
-111
-122
-128
-138
-136
-136
-149
-147
-136
-130
-134
-136
-132
-136
-138
-137
-136
-134
-128
-126
-130
-135
-136
-135
-130
-103
-94
-102
-102
-52
53
175
255
195
39
-104
-144
-98
-126
-195
-219
-204
-182
-161
-132
-117
-110
-113
-105
-109
-106
-102
-100
-100
-95
-90
-93
-87
-83
-83
-83
-82
-88
-93
-95
-88
-96
-93
-91
-94
-102
-98
-101
-109
-111
-110
-119
-122
-110
-116
-121
-117
-119
-125
-128
-128
-127
-128
-125
-124
-121
-118
-116
-115
-107
-105
-114
-108
-99
-102
-102
-95
-98
-103
-100
-100
-107
-108
-101
-102
-101
-98
-102
-106
-103
-101
-105
-107
-97
-104
-112
-112
-106
-105
-96
-99
-106
-103
-102
-107
-106
-101
-103
-105
-99
-100
-96
-82
-67
-56
-53
-55
-44
-31
-19
-19
-8
-4
-21
-29
-28
-40
-57
-61
-67
-74
-84
-86
-100
-107
-107
-109
-111
-107
-107
-109
-100
-97
-105
-99
-92
-91
-91
-89
-86
-91
-90
-95
-92
-79
-71
-57
-47
-58
-80
-30
72
146
120
-47
-172
-191
-114
-69
-139
-167
-160
-135
-109
-72
-56
-54
-42
-32
-35
-30
-24
-24
-20
-20
-22
-16
-10
-13
-10
-2
-6
-6
-2
-4
-12
-7
-7
-15
-5
-4
-11
-13
-5
-20
-26
-16
-28
-32
-24
-25
-30
-28
-23
-29
-19
-14
-13
-12
-1
-5
1
3
-11
-4
0
0
0
5
0
-6
-11
-15
-5
1
-15
-30
-28
-14
-26
-28
-29
-35
-36
-31
-33
-32
-26
-43
-44
-40
-41
-43
-35
-35
-39
-36
-35
-45
-41
-40
-46
-40
-24
-8
3
15
2
9
31
40
37
56
57
43
44
31
6
-6
-5
-8
1
-13
-29
-50
-58
-70
-78
-80
-84
-74
-64
-66
-70
-66
-64
-64
-50
-44
-51
-52
-57
-69
-57
-48
-51
-45
-22
-24
-64
-49
44
124
136
-24
-183
-226
-175
-111
-136
-168
-144
-118
-87
-47
-27
-13
-15
-25
-25
-8
-13
-14
-5
-4
4
8
10
14
22
28
14
6
8
7
8
3
-3
11
0
-19
-12
-17
-19
-24
-18
-19
-8
-2
-16
-15
2
8
-1
-30
-40
-35
-19
-22
-29
-12
-5
-8
4
15
10
3
2
4
-6
-1
-8
-7
10
-8
-13
-8
-31
-38
-42
-36
-32
-26
-37
-57
-67
-56
-59
-57
-56
-59
-55
-44
-51
-63
-59
-50
-53
-62
-69
-67
-55
-40
-29
-28
-19
-21
-25
-12
3
14
27
29
42
47
23
-12
-40
-56
-64
-57
-45
-66
-86
-104
-128
-118
-104
-109
-122
-129
-109
-104
-102
-128
-127
-109
-90
-105
-115
-113
-114
-106
-106
-109
-104
-91
-83
-105
-105
-32
73
132
101
-82
-226
-239
-151
-134
-206
-226
-192
-168
-153
-124
-100
-90
-83
-71
-84
-100
-96
-83
-72
-64
-55
-72
-78
-79
-88
-80
-70
-89
-88
-89
-99
-99
-100
-86
-88
-94
-102
-104
-103
-111
-110
-107
-102
-114
-118
-120
-128
-131
-118
-116
-122
-121
-119
-117
-113
-114
-119
-116
-105
-110
-114
-109
-114
-115
-112
-117
-109
-87
-93
-125
-125
-124
-133
-135
-124
-128
-128
-124
-134
-133
-122
-128
-133
-123
-131
-131
-125
-121
-131
-136
-137
-147
-142
-134
-129
-132
-132
-139
-131
-106
-98
-88
-83
-90
-88
-71
-56
-48
-48
-57
-74
-78
-87
-108
-114
-111
-109
-115
-130
-139
-148
-151
-151
-155
-164
-166
-166
-158
-143
-146
-157
-157
-155
-156
-154
-148
-151
-149
-147
-144
-144
-139
-116
-108
-107
-109
-76
24
138
186
61
-91
-153
-125
-64
-105
-205
-236
-214
-194
-160
-125
-125
-117
-113
-115
-118
-108
-103
-105
-97
-96
-97
-92
-84
-93
-92
-89
-92
-93
-91
-85
-88
-91
-92
-96
-91
-89
-96
-98
-98
-104
-102
-95
-102
-112
-108
-107
-115
-112
-110
-112
-115
-111
-113
-109
-101
-105
-106
-102
-86
-88
-87
-84
-85
-75
-74
-79
-83
-77
-70
-80
-86
-87
-84
-84
-79
-86
-81
-81
-88
-92
-84
-79
-82
-81
-73
-73
-78
-76
-88
-102
-95
-89
-93
-91
-88
-95
-95
-88
-87
-89
-79
-65
-57
-45
-28
-24
-29
-10
3
9
17
11
-3
-4
-9
-12
-28
-43
-48
-52
-59
-72
-93
-94
-96
-104
-96
-91
-96
-93
-89
-88
-92
-87
-84
-89
-79
-70
-82
-88
-80
-82
-83
-78
-71
-60
-46
-37
-69
-71
9
95
159
165
59
-104
-193
-163
-103
-156
-171
-154
-135
-105
-75
-55
-40
-35
-38
-36
-30
-27
-26
-15
-19
-18
-13
-6
-13
-9
-2
0
0
-5
-5
-3
-5
-4
-4
-8
-2
-4
-12
-13
-9
-10
-18
-18
-19
-22
-21
-21
-28
-22
-18
-20
-22
-20
-15
-16
-13
-10
-9
-2
4
0
6
7
3
5
3
5
-6
-6
-2
-9
-11
-10
-13
-13
-10
-12
-21
-25
-24
-29
-35
-30
-34
-32
-32
-30
-38
-36
-29
-40
-43
-36
-34
-38
-38
-37
-44
-45
-44
-40
-32
-26
-22
-6
5
16
16
17
41
55
59
66
70
58
48
47
37
17
6
-3
-12
-10
-23
-39
-53
-53
-56
-57
-53
-55
-58
-54
-49
-53
-51
-41
-40
-43
-39
-35
-46
-47
-38
-41
-45
-44
-38
-24
-8
-5
-41
-67
-31
47
123
152
27
-141
-201
-148
-92
-143
-154
-133
-104
-92
-60
-36
-13
-8
-10
-8
4
7
5
7
10
5
9
18
22
18
20
19
20
24
25
20
18
19
21
15
8
14
8
6
13
8
6
8
1
0
10
7
-1
-13
-2
-2
-13
-14
-11
-7
2
0
0
4
12
14
9
13
13
9
22
31
20
-6
-18
-34
-39
-29
-22
-12
-11
-25
-39
-50
-60
-63
-65
-58
-60
-64
-59
-52
-60
-65
-59
-68
-72
-68
-69
-72
-69
-76
-80
-76
-72
-75
-76
-69
-64
-45
-27
-22
-25
-15
0
7
11
20
13
10
8
-3
-26
-43
-50
-50
-31
-27
-48
-94
-116
-136
-137
-131
-128
-125
-121
-115
-115
-112
-104
-104
-111
-110
-107
-108
-104
-97
-113
-116
-109
-105
-91
-64
-48
-76
-86
-42
53
143
160
4
-131
-170
-139
-89
-126
-178
-192
-175
-150
-126
-100
-89
-80
-71
-64
-66
-76
-72
-64
-67
-68
-62
-68
-66
-60
-62
-68
-59
-54
-62
-63
-58
-59
-50
-55
-59
-59
-59
-64
-78
-84
-95
-98
-98
-90
-104
-105
-99
-111
-104
-95
-103
-106
-100
-95
-94
-96
-87
-82
-80
-62
-69
-65
-61
-64
-64
-62
-81
-95
-91
-95
-93
-85
-87
-102
-105
-90
-86
-84
-87
-86
-97
-99
-102
-96
-79
-65
-90
-104
-107
-109
-113
-100
-100
-107
-92
-90
-97
-91
-89
-82
-64
-53
-46
-52
-46
-32
-1
42
32
2
-19
-36
-50
-66
-70
-91
-98
-109
-119
-127
-122
-128
-128
-120
-119
-126
-123
-120
-113
-102
-99
-113
-110
-99
-114
-126
-121
-126
-118
-95
-92
-113
-104
-90
-93
-102
-77
12
111
205
196
19
-107
-111
-62
-114
-163
-170
-148
-131
-126
-105
-84
-85
-81
-70
-76
-78
-78
-76
-67
-57
-55
-54
-46
-49
-55
-50
-47
-52
-42
-38
-48
-40
-41
-56
-54
-48
-56
-55
-58
-61
-54
-47
-56
-60
-51
-43
-48
-43
-56
-66
-63
-64
-56
-55
-53
-55
-50
-36
-34
-32
-25
-21
-27
-21
-26
-31
-24
-17
-8
-20
-20
-35
-31
-23
-26
-35
-40
-53
-52
-48
-51
-46
-33
-45
-46
-44
-55
-51
-44
-46
-50
-41
-37
-43
-40
-39
-38
-29
2
19
20
18
9
21
50
48
53
56
53
41
43
20
-9
-14
-13
-24
-33
-39
-50
-48
-50
-55
-53
-54
-52
-48
-37
-41
-39
-39
-33
-29
-32
-31
-38
-39
-37
-37
-25
-8
-1
1
-18
-28
44
137
190
82
-107
-182
-128
-49
-102
-150
-116
-79
-60
-22
6
6
8
6
5
17
30
25
27
44
41
40
46
44
48
53
49
52
55
51
43
46
47
40
41
38
33
38
43
28
34
39
32
34
38
34
28
30
25
25
35
33
22
25
34
38
47
48
43
51
55
45
45
55
47
36
35
29
24
26
25
19
20
19
7
8
16
6
7
15
9
7
3
-2
-1
6
3
-5
-4
-6
-8
-11
-3
-15
-17
-7
-10
-5
13
27
38
53
60
60
79
95
97
98
93
84
69
67
50
30
18
9
2
-9
-25
-43
-43
-37
-43
-50
-40
-41
-41
-39
-39
-37
-35
-34
-37
-34
-37
-42
-41
-46
-47
-42
-28
-11
-9
-31
-61
-36
62
149
147
-21
-160
-182
-93
-100
-149
-141
-113
-100
-81
-48
-32
-32
-25
-22
-26
-16
-15
-17
-16
-6
-12
-10
-7
-4
-8
-4
-11
-13
-4
-6
-16
-13
-15
-19
-19
-25
-34
-31
-31
-37
-42
-40
-39
-45
-47
-50
-52
-49
-48
-51
-43
-36
-54
-57
-55
-52
-57
-52
-46
-45
-43
-44
-46
-41
-42
-50
-46
-39
-45
-55
-54
-55
-60
-56
-58
-69
-74
-80
-80
-83
-80
-83
-88
-76
-74
-78
-72
-70
-79
-81
-72
-77
-82
-79
-80
-85
-84
-85
-81
-73
-58
-43
-33
-31
-41
-37
-17
-1
4
7
3
-8
-10
-20
-43
-54
-59
-65
-77
-85
-97
-104
-104
-111
-109
-104
-108
-112
-115
-112
-111
-106
-98
-103
-106
-107
-105
-105
-92
-84
-95
-106
-100
-85
-59
-64
-80
-47
72
175
249
225
51
-97
-135
-71
-100
-171
-190
-182
-163
-128
-96
-85
-82
-74
-71
-76
-69
-67
-71
-70
-64
-68
-59
-54
-60
-69
-58
-60
-65
-60
-62
-61
-63
-66
-73
-74
-70
-72
-85
-80
-80
-90
-88
-86
-90
-90
-87
-96
-102
-100
-98
-104
-102
-100
-101
-89
-91
-91
-93
-85
-83
-85
-82
-74
-82
-80
-78
-79
-80
-75
-79
-83
-80
-79
-84
-82
-81
-85
-88
-86
-89
-91
-88
-86
-96
-90
-82
-88
-93
-84
-88
-89
-87
-88
-92
-85
-86
-94
-93
-88
-87
-86
-72
-68
-50
-38
-34
-32
-20
-1
4
2
11
6
-1
1
-8
-22
-42
-54
-59
-68
-68
-78
-93
-94
-93
-99
-97
-92
-92
-98
-88
-85
-87
-84
-83
-85
-85
-80
-82
-85
-79
-75
-76
-71
-67
-54
-41
-39
-63
-58
29
109
157
81
-89
-194
-192
-116
-83
-156
-164
-145
-123
-86
-60
-43
-32
-24
-28
-29
-18
-18
-11
0
-4
-5
-1
2
5
-1
4
5
1
7
10
3
6
8
5
10
8
1
-1
2
9
1
-7
-4
-10
-6
-2
-11
-10
-2
-2
-6
-6
-1
-5
-3
10
11
12
17
13
10
25
29
26
21
22
18
16
16
13
11
11
12
2
3
4
5
0
0
-3
-8
0
1
-3
-13
-13
-12
-24
-10
-4
-12
-23
-25
-34
-31
-26
-27
-29
-22
-15
-17
-16
-6
-4
4
27
38
37
46
58
71
79
78
80
67
64
55
41
28
10
2
2
7
-10
-28
-34
-34
-48
-47
-44
-45
-45
-48
-48
-48
-41
-33
-32
-22
-23
-42
-50
-42
-43
-37
-30
-31
-26
-6
0
-21
-40
8
94
149
133
-40
-182
-213
-156
-94
-110
-149
-130
-98
-64
-33
-18
2
4
-5
-5
1
4
6
15
23
19
24
16
15
23
24
26
17
24
28
23
24
22
14
16
24
13
12
11
8
0
4
9
-2
-9
-4
-10
-10
-8
-12
-12
-4
-4
-9
-4
0
-1
-1
6
-5
-6
-1
-2
-3
-6
-3
-9
-12
-11
-18
-24
-25
-27
-32
-39
-36
-37
-41
-48
-49
-57
-54
-52
-61
-61
-61
-61
-64
-67
-68
-77
-76
-70
-74
-78
-76
-75
-80
-71
-75
-86
-92
-84
-90
-78
-68
-62
-47
-33
-37
-41
-24
-7
-1
0
5
-4
-7
-17
-32
-52
-59
-72
-77
-83
-90
-113
-122
-112
-118
-122
-120
-120
-120
-109
-116
-124
-121
-118
-125
-120
-117
-116
-118
-114
-114
-116
-109
-100
-86
-74
-90
-102
-32
76
158
156
29
-123
-199
-158
-107
-183
-207
-192
-167
-147
-114
-103
-102
-91
-82
-90
-86
-91
-98
-84
-80
-74
-75
-67
-76
-82
-78
-78
-82
-79
-83
-86
-82
-69
-67
-68
-75
-78
-85
-87
-94
-104
-108
-107
-114
-113
-112
-110
-118
-113
-110
-110
-106
-113
-128
-122
-116
-111
-103
-85
-87
-94
-94
-105
-108
-100
-103
-104
-100
-98
-110
-105
-100
-104
-111
-106
-112
-122
-111
-111
-112
-108
-108
-117
-117
-109
-114
-114
-111
-122
-122
-123
-127
-134
-123
-122
-125
-118
-125
-136
-130
-122
-117
-105
-92
-89
-82
-77
-92
-86
-67
-60
-55
-37
-39
-49
-60
-76
-82
-88
-91
-96
-100
-104
-126
-136
-143
-152
-154
-152
-152
-156
-148
-148
-150
-146
-142
-141
-133
-137
-144
-141
-140
-146
-147
-140
-140
-122
-93
-93
-116
-83
16
122
207
147
-13
-140
-148
-92
-157
-207
-217
-197
-170
-140
-120
-112
-106
-110
-106
-98
-104
-97
-86
-89
-85
-77
-86
-89
-80
-80
-80
-75
-76
-77
-75
-73
-80
-85
-82
-90
-92
-85
-87
-90
-86
-91
-96
-100
-102
-108
-105
-102
-102
-99
-101
-101
-99
-95
-94
-92
-89
-86
-80
-73
-72
-70
-63
-65
-73
-64
-70
-67
-59
-60
-69
-68
-60
-66
-64
-66
-71
-71
-69
-71
-72
-68
-63
-75
-70
-64
-75
-71
-71
-74
-73
-76
-75
-78
-71
-71
-69
-67
-71
-69
-42
-28
-17
-5
-3
-23
-15
0
0
4
23
28
14
-4
-14
-19
-29
-32
-40
-41
-54
-73
-70
-85
-92
-81
-73
-82
-76
-68
-69
-64
-68
-71
-67
-61
-77
-72
-56
-55
-72
-82
-70
-64
-38
-31
-56
-68
10
88
150
171
24
-160
-207
-128
-102
-161
-153
-123
-88
-59
-31
-20
-21
-30
-28
-18
-20
-18
-4
0
-3
11
5
-2
-2
0
-4
0
6
8
16
30
24
15
-1
-4
-9
-6
0
-1
5
6
-6
-11
-19
-22
-17
1
0
-13
-19
-25
-12
-5
-9
-10
-4
11
0
2
-1
-4
18
30
28
21
11
-4
-12
-1
17
22
9
-21
-47
-46
-39
-47
-40
-36
-39
-48
-39
-39
-32
-22
-25
-23
-19
-32
-43
-45
-39
-26
-11
-22
-49
-56
-55
-49
-25
14
22
16
19
27
44
39
38
49
61
58
40
17
13
-1
-14
-13
-13
-25
-34
-45
-46
-56
-70
-68
-61
-60
-62
-46
-41
-41
-53
-57
-72
-91
-87
-71
-66
-62
-59
-70
-67
-42
-28
-19
-41
-59
-15
75
139
156
19
-151
-223
-166
-106
-166
-172
-144
-115
-108
-83
-47
-43
-37
-37
-19
-15
-16
-16
-11
11
17
-12
-44
-42
-37
-33
-31
-36
-30
-22
-18
-24
-24
-35
-40
-35
-30
-38
-38
-40
-45
-42
-39
-30
-61
-70
-77
-78
-76
-65
-66
-66
-64
-67
-65
-53
-42
-39
-27
-23
-38
-32
-24
-40
-60
-77
-78
-76
-87
-94
-106
-92
-84
-84
-87
-86
-92
-97
-77
-81
-88
-83
-80
-87
-88
-91
-98
-102
-92
-93
-95
-94
-100
-105
-94
-94
-105
-104
-96
-90
-88
-81
-79
-71
-70
-61
-64
-52
-33
-29
-24
-23
-9
-2
-10
-23
-40
-40
-27
-51
-77
-83
-95
-111
-118
-128
-139
-144
-137
-130
-129
-128
-132
-138
-126
-127
-126
-132
-119
-117
-128
-126
-127
-133
-126
-121
-117
-94
-72
-80
-103
-75
33
150
208
91
-85
-164
-146
-83
-111
-188
-212
-206
-179
-151
-125
-115
-108
-107
-108
-101
-100
-99
-96
-89
-89
-85
-81
-87
-95
-84
-88
-95
-96
-87
-91
-100
-93
-94
-105
-102
-100
-107
-104
-104
-111
-117
-112
-112
-118
-116
-118
-124
-125
-128
-135
-145
-128
-131
-136
-133
-132
-131
-127
-119
-120
-123
-113
-110
-108
-107
-101
-106
-107
-105
-104
-109
-106
-105
-109
-109
-112
-112
-114
-110
-106
-114
-110
-102
-105
-106
-101
-104
-110
-106
-102
-105
-102
-105
-112
-109
-102
-106
-115
-102
-98
-105
-106
-98
-98
-88
-67
-57
-54
-56
-53
-44
-28
-23
-17
-9
2
-7
-30
-39
-41
-57
-58
-54
-63
-75
-78
-83
-98
-101
-106
-108
-109
-100
-102
-104
-99
-95
-99
-90
-84
-89
-91
-91
-87
-89
-80
-76
-79
-78
-70
-53
-43
-53
-69
-38
58
145
198
131
-32
-153
-174
-104
-114
-169
-166
-134
-116
-98
-65
-45
-44
-35
-33
-32
-24
-19
-14
-18
-6
-6
-13
-6
-4
-6
-2
0
-1
-1
3
2
-5
0
4
-1
-11
-3
-2
-10
-6
-8
-12
-7
-6
-10
-20
-16
-12
-18
-18
-12
-12
-14
-10
-12
-7
0
1
4
3
10
15
20
14
12
13
16
8
2
-2
7
8
-1
-2
-4
-6
1
-2
-4
-12
-11
-13
-17
-16
-12
-17
-14
-7
-19
-20
-14
-20
-24
-24
-17
-22
-20
-16
-26
-30
-24
-22
-11
2
8
14
32
39
28
26
44
55
54
73
81
76
74
58
33
20
19
13
13
9
-1
-17
-28
-37
-51
-54
-46
-47
-54
-45
-36
-37
-33
-34
-30
-28
-24
-24
-25
-29
-30
-32
-33
-23
-17
-2
16
3
-31
-36
37
115
177
122
-64
-178
-174
-90
-63
-122
-132
-114
-84
-50
-18
1
15
11
16
26
25
23
23
24
27
30
44
45
46
44
45
42
45
48
39
42
41
36
31
36
27
24
35
31
24
20
22
19
19
24
19
15
24
16
15
28
30
30
28
36
31
32
43
38
36
41
42
39
40
39
30
35
34
23
28
28
23
21
23
18
9
2
3
-2
-1
7
-6
-8
-8
-16
-18
-15
-8
-15
-15
-14
-26
-24
-21
-27
-26
-19
-21
-27
-21
-12
-9
12
25
16
20
27
34
36
48
54
63
64
44
12
14
7
-3
-13
-11
-24
-41
-52
-63
-79
-74
-77
-84
-76
-76
-73
-73
-67
-67
-69
-70
-71
-78
-77
-71
-76
-73
-72
-75
-70
-50
-35
-59
-70
-29
71
160
142
-39
-184
-227
-173
-93
-141
-170
-165
-137
-109
-80
-57
-50
-57
-58
-55
-53
-49
-40
-44
-46
-44
-46
-45
-30
-27
-33
-29
-31
-43
-45
-43
-48
-46
-48
-58
-55
-52
-60
-64
-56
-58
-69
-75
-75
-85
-76
-72
-71
-79
-84
-82
-81
-73
-71
-74
-70
-74
-67
-60
-52
-64
-67
-69
-63
-68
-73
-79
-78
-77
-75
-78
-78
-79
-85
-82
-79
-87
-88
-87
-95
-98
-87
-90
-93
-88
-90
-94
-96
-91
-93
-98
-94
-104
-102
-92
-100
-101
-97
-95
-87
-64
-50
-54
-56
-53
-48
-32
-23
-17
-11
-3
-24
-38
-48
-56
-74
-74
-82
-91
-101
-109
-122
-127
-127
-134
-132
-128
-134
-132
-109
-109
-121
-118
-125
-128
-122
-123
-124
-114
-107
-116
-123
-104
-74
-72
-81
-56
50
172
227
104
-55
-143
-138
-85
-154
-197
-204
-169
-150
-120
-96
-96
-99
-88
-82
-83
-73
-73
-73
-67
-67
-74
-65
-61
-61
-65
-58
-60
-65
-67
-67
-70
-69
-76
-76
-76
-72
-75
-77
-75
-84
-90
-90
-94
-98
-97
-98
-106
-91
-91
-97
-95
-89
-91
-93
-83
-90
-87
-75
-74
-75
-70
-72
-74
-64
-64
-71
-62
-65
-73
-74
-72
-77
-76
-73
-78
-82
-79
-79
-78
-72
-72
-77
-78
-80
-80
-75
-74
-77
-83
-81
-79
-85
-76
-77
-80
-79
-83
-78
-62
-44
-34
-22
-27
-35
-25
-2
-1
6
22
24
3
-7
-18
-31
-37
-37
-38
-53
-58
-74
-89
-90
-95
-97
-90
-85
-96
-94
-83
-88
-81
-78
-81
-78
-73
-81
-82
-79
-82
-83
-74
-63
-53
-32
-40
-66
-40
59
140
196
115
-69
-184
-169
-98
-143
-164
-152
-129
-104
-77
-53
-43
-32
-25
-29
-16
-14
-16
-16
-8
-14
-14
-6
-4
-4
8
7
5
16
13
8
5
5
-2
-5
-1
-4
-10
-6
-3
-14
-8
-9
-20
-12
-6
-13
-13
-7
-4
-15
-12
-8
-10
-10
-2
-1
6
7
8
9
11
12
7
5
11
6
4
7
0
-9
-7
-8
-14
-10
-16
-20
-13
-14
-22
-25
-15
-17
-28
-25
-26
-33
-31
-27
-34
-34
-36
-35
-33
-26
-29
-32
-32
-27
-24
-15
2
14
20
22
19
27
49
60
57
69
80
62
40
34
21
7
7
4
-6
-21
-28
-46
-52
-58
-64
-62
-49
-53
-56
-46
-43
-44
-50
-45
-47
-54
-49
-40
-44
-39
-44
-50
-52
-36
-28
-13
-14
-42
-42
48
140
174
91
-77
-195
-212
-128
-90
-148
-140
-108
-82
-54
-21
-10
-11
-5
2
-3
6
13
15
16
20
18
21
24
24
25
23
32
23
25
27
25
21
22
22
14
17
14
12
8
11
9
4
11
8
6
6
10
1
1
4
7
-1
10
10
9
10
16
8
18
23
24
24
28
28
24
15
18
10
7
8
3
-1
5
3
-3
-5
-6
-14
-18
-10
-10
-20
-19
-21
-28
-35
-31
-33
-37
-35
-39
-46
-40
-36
-40
-38
-31
-38
-47
-39
-30
-27
-13
0
1
-6
10
23
38
47
44
47
47
42
23
6
-7
-17
-29
-31
-32
-44
-57
-66
-77
-90
-90
-93
-92
-87
-93
-90
-92
-87
-90
-96
-101
-94
-93
-96
-89
-96
-94
-85
-84
-90
-90
-70
-60
-63
-78
-75
-2
89
146
49
-128
-224
-230
-160
-111
-170
-193
-186
-159
-130
-101
-84
-81
-77
-62
-59
-68
-71
-60
-56
-52
-47
-45
-63
-63
-61
-57
-47
-46
-50
-58
-51
-55
-60
-58
-57
-56
-62
-58
-64
-66
-68
-70
-74
-71
-73
-87
-84
-84
-82
-90
-80
-75
-81
-79
-68
-77
-86
-81
-80
-81
-72
-63
-63
-68
-66
-66
-75
-71
-76
-88
-87
-80
-79
-78
-66
-70
-86
-87
-83
-89
-94
-90
-96
-97
-93
-86
-92
-99
-97
-95
-100
-97
-100
-99
-96
-95
-105
-112
-104
-93
-97
-84
-78
-74
-62
-50
-48
-64
-53
-36
-28
-30
-13
-8
-19
-23
-30
-49
-57
-66
-78
-78
-78
-94
-110
-120
-128
-137
-132
-127
-131
-119
-112
-116
-125
-118
-115
-117
-123
-118
-120
-122
-117
-124
-129
-120
-105
-98
-87
-72
-82
-97
-62
39
145
242
212
51
-107
-140
-98
-110
-175
-198
-199
-172
-144
-123
-102
-92
-93
-94
-85
-81
-82
-72
-73
-73
-72
-69
-70
-71
-63
-62
-66
-62
-60
-63
-64
-62
-69
-68
-66
-64
-74
-70
-70
-77
-82
-80
-89
-88
-80
-81
-87
-88
-86
-93
-95
-93
-96
-94
-88
-84
-88
-80
-72
-73
-70
-64
-64
-63
-61
-62
-71
-67
-64
-65
-70
-68
-67
-70
-66
-61
-65
-58
-59
-67
-71
-63
-63
-70
-66
-68
-72
-70
-68
-77
-74
-67
-69
-74
-69
-64
-77
-70
-64
-69
-62
-47
-44
-37
-18
-15
-18
-5
13
15
27
33
23
15
21
13
-5
-19
-32
-44
-40
-48
-66
-74
-76
-80
-84
-81
-81
-77
-67
-69
-71
-65
-60
-60
-63
-52
-53
-61
-58
-54
-56
-51
-45
-32
-18
-16
-41
-57
-1
97
167
136
-37
-152
-150
-75
-93
-160
-150
-132
-110
-68
-34
-17
-9
0
-1
1
10
6
5
14
31
34
29
27
24
22
21
19
19
30
28
17
24
24
16
23
31
15
15
18
15
12
14
22
17
13
18
13
7
18
11
7
14
19
17
21
31
29
36
33
32
30
35
31
31
30
25
18
22
26
18
16
19
16
14
6
2
2
7
1
-4
0
-1
-8
-6
-9
-17
-10
-10
-15
-14
-10
-10
-20
-15
-16
-19
-15
-12
-5
16
33
34
33
41
50
65
78
83
81
79
60
54
49
33
10
1
5
-10
-30
-35
-43
-51
-48
-49
-54
-55
-42
-46
-40
-36
-44
-43
-39
-44
-38
-39
-37
-43
-36
-40
-35
-12
-8
-27
-48
-11
66
134
169
36
-151
-215
-155
-96
-144
-149
-128
-101
-72
-47
-16
-6
-9
-3
1
-1
6
13
7
7
16
18
15
19
24
17
24
22
17
20
23
13
8
13
13
5
8
5
0
2
-1
-8
-10
-4
-9
-5
-5
-11
-8
-7
-10
-10
-6
-9
-11
-8
0
-10
0
0
-5
-6
-4
-13
-19
-16
-20
-26
-25
-31
-40
-45
-41
-52
-58
-52
-52
-56
-60
-64
-73
-69
-76
-77
-66
-72
-83
-83
-88
-94
-93
-86
-92
-87
-80
-85
-78
-63
-60
-45
-38
-35
-36
-12
0
0
3
2
-7
-15
-27
-50
-73
-83
-85
-87
-94
-111
-127
-130
-144
-143
-137
-128
-128
-130
-132
-143
-136
-134
-132
-123
-127
-131
-144
-137
-133
-128
-120
-99
-83
-88
-118
-110
-20
85
153
86
-112
-237
-206
-128
-194
-230
-223
-205
-182
-153
-119
-115
-109
-106
-113
-106
-89
-83
-89
-86
-83
-77
-69
-78
-91
-87
-86
-95
-89
-98
-109
-104
-104
-102
-100
-107
-116
-121
-127
-123
-124
-121
-116
-128
-125
-119
-120
-124
-123
-125
-140
-136
-139
-132
-129
-125
-128
-133
-127
-131
-127
-112
-114
-114
-104
-98
-123
-131
-124
-128
-125
-132
-150
-146
-147
-151
-148
-135
-133
-143
-144
-142
-144
-142
-140
-153
-141
-128
-138
-147
-136
-130
-147
-154
-159
-166
-166
-160
-152
-132
-113
-109
-107
-98
-84
-70
-70
-72
-68
-59
-72
-95
-105
-120
-132
-130
-122
-132
-159
-172
-179
-185
-177
-179
-184
-178
-168
-176
-182
-166
-169
-172
-168
-171
-171
-166
-158
-166
-170
-164
-158
-131
-114
-122
-131
-58
48
142
192
64
-128
-208
-158
-156
-234
-243
-236
-213
-185
-158
-142
-139
-131
-123
-116
-111
-125
-118
-113
-112
-104
-102
-109
-111
-99
-88
-102
-106
-101
-104
-101
-94
-88
-92
-88
-81
-80
-98
-100
-100
-104
-114
-125
-125
-122
-112
-118
-112
-107
-106
-107
-106
-107
-100
-100
-102
-91
-76
-75
-93
-91
-77
-76
-80
-73
-77
-74
-63
-68
-76
-82
-80
-82
-88
-84
-89
-96
-96
-96
-100
-106
-92
-97
-102
-95
-84
-78
-82
-100
-117
-104
-93
-90
-83
-92
-104
-104
-98
-106
-114
-102
-78
-67
-52
-42
-38
-21
-9
-8
-8
-6
-6
-12
-16
-16
-32
-60
-68
-71
-92
-101
-109
-111
-110
-105
-110
-107
-103
-92
-101
-109
-109
-106
-104
-87
-93
-98
-100
-98
-102
-101
-95
-94
-86
-60
-59
-77
-95
-75
2
80
140
70
-113
-204
-166
-94
-150
-198
-190
-171
-150
-123
-97
-79
-61
-67
-60
-49
-49
-47
-41
-32
-31
-29
-20
-26
-27
-20
-20
-24
-14
-1
0
-9
-12
-14
-22
-24
-25
-24
-20
-20
-34
-50
-45
-31
-18
-23
-18
-30
-43
-47
-50
-46
-30
-25
-23
-20
-20
-32
-30
-19
-15
-20
-3
0
-14
-16
-13
-15
-18
-34
-42
-47
-43
-34
-38
-43
-32
-41
-50
-50
-49
-46
-48
-49
-40
-51
-54
-46
-48
-59
-66
-78
-86
-82
-73
-82
-72
-63
-62
-63
-66
-72
-58
-26
-6
-12
-8
-6
-4
14
35
39
32
27
22
15
3
-8
-37
-46
-45
-51
-66
-78
-82
-92
-89
-85
-82
-90
-89
-83
-66
-68
-71
-84
-92
-88
-82
-85
-82
-83
-88
-86
-80
-76
-74
-52
-35
-55
-79
-86
-24
68
135
89
-96
-221
-213
-118
-118
-176
-178
-173
-146
-114
-84
-60
-47
-41
-45
-32
-29
-36
-31
-19
-16
-18
-12
-2
-9
-11
-8
-13
-15
-7
-6
-14
-15
-12
-13
-21
-23
-23
-28
-32
-36
-37
-40
-37
-39
-44
-40
-43
-46
-43
-38
-47
-47
-42
-49
-53
-41
-37
-38
-40
-37
-35
-37
-32
-41
-50
-53
-50
-54
-57
-51
-59
-65
-61
-66
-73
-63
-59
-61
-72
-78
-82
-86
-83
-84
-87
-86
-90
-101
-106
-105
-100
-104
-100
-94
-104
-109
-105
-109
-109
-105
-92
-96
-91
-80
-74
-58
-51
-54
-50
-29
-19
-22
-26
-29
-33
-42
-43
-52
-82
-91
-89
-94
-104
-113
-133
-136
-128
-128
-142
-144
-144
-143
-141
-138
-138
-136
-126
-127
-133
-138
-133
-132
-131
-119
-120
-137
-123
-107
-98
-108
-117
-93
-13
81
158
96
-78
-185
-181
-121
-140
-204
-219
-202
-187
-176
-140
-114
-110
-112
-106
-102
-109
-103
-93
-91
-100
-96
-89
-91
-93
-84
-87
-85
-81
-83
-79
-84
-88
-95
-93
-99
-111
-105
-102
-108
-102
-96
-110
-128
-126
-118
-116
-117
-117
-125
-127
-123
-123
-124
-119
-116
-120
-119
-105
-96
-102
-107
-113
-113
-111
-108
-107
-105
-101
-104
-108
-105
-114
-119
-111
-115
-113
-109
-107
-118
-122
-113
-114
-117
-116
-116
-116
-104
-104
-106
-114
-108
-116
-115
-116
-121
-121
-116
-114
-117
-106
-96
-92
-83
-72
-72
-73
-49
-40
-36
-29
-32
-42
-36
-39
-53
-73
-88
-83
-91
-96
-107
-123
-128
-131
-138
-131
-127
-132
-128
-123
-119
-118
-116
-114
-122
-114
-108
-107
-109
-106
-106
-101
-95
-83
-66
-60
-87
-101
-45
56
150
138
-34
-158
-177
-88
-128
-193
-182
-166
-147
-128
-88
-59
-62
-62
-61
-63
-50
-45
-47
-44
-33
-40
-34
-24
-21
-21
-16
-22
-31
-25
-22
-28
-30
-30
-35
-29
-28
-30
-30
-33
-29
-42
-40
-40
-43
-42
-41
-47
-49
-45
-43
-42
-38
-36
-34
-33
-22
-20
-19
-18
-20
-19
-10
-17
-22
-16
-17
-23
-22
-26
-31
-26
-33
-43
-31
-21
-29
-39
-31
-32
-36
-34
-39
-44
-34
-32
-30
-39
-47
-55
-63
-53
-55
-64
-64
-59
-55
-51
-47
-36
-18
0
1
-3
8
18
29
47
56
49
40
30
11
-7
-24
-39
-36
-36
-54
-66
-59
-67
-75
-69
-69
-79
-76
-69
-69
-60
-59
-66
-66
-59
-69
-68
-67
-70
-78
-66
-53
-32
-12
-18
-58
-70
0
87
140
65
-124
-220
-177
-96
-140
-153
-146
-128
-103
-64
-39
-23
-13
-15
6
22
6
-11
-9
-11
-2
3
14
18
17
14
12
7
10
2
4
11
13
13
16
25
18
8
7
-2
4
6
1
-1
4
5
0
2
-3
13
33
6
0
15
18
16
22
17
10
17
29
20
12
9
-1
4
12
1
-2
-10
-11
-8
-8
-11
-24
-24
-16
-20
-18
-23
-21
-27
-26
-23
-26
-16
-11
-28
-38
-16
-13
-13
-25
-39
-47
-49
-45
-35
-8
10
16
23
30
40
53
66
63
54
56
51
30
19
3
-7
-7
-5
-32
-48
-49
-72
-74
-64
-72
-88
-87
-78
-76
-67
-67
-76
-67
-71
-74
-64
-52
-59
-63
-55
-51
-34
-33
-57
-88
-48
51
119
160
74
-108
-210
-176
-110
-149
-166
-156
-131
-109
-93
-60
-45
-43
-57
-55
-35
-30
-34
-32
-36
-53
-53
-49
-60
-48
-42
-49
-49
-44
-44
-51
-38
-31
-44
-36
-26
-28
-40
-56
-71
-77
-83
-87
-84
-77
-78
-82
-79
-80
-84
-78
-71
-71
-67
-56
-66
-72
-66
-64
-81
-76
-64
-69
-78
-70
-69
-70
-73
-63
-63
-77
-86
-87
-88
-90
-102
-92
-80
-77
-90
-103
-108
-105
-94
-99
-121
-115
-97
-97
-109
-112
-119
-115
-105
-108
-104
-109
-116
-115
-100
-78
-66
-62
-57
-57
-34
-21
-21
-21
-27
-36
-46
-44
-61
-83
-95
-99
-104
-109
-124
-130
-135
-135
-135
-130
-125
-124
-132
-132
-123
-133
-129
-117
-111
-124
-119
-108
-113
-112
-124
-136
-120
-92
-82
-104
-98
-44
58
174
203
42
-109
-131
-79
-84
-173
-193
-198
-174
-142
-117
-93
-82
-80
-74
-69
-69
-70
-71
-64
-65
-60
-50
-45
-50
-51
-58
-53
-45
-46
-59
-73
-71
-77
-77
-64
-67
-74
-63
-60
-69
-60
-64
-76
-74
-65
-59
-70
-84
-84
-88
-81
-77
-72
-75
-70
-60
-49
-30
-34
-35
-37
-27
-41
-51
-49
-46
-43
-32
-30
-48
-61
-59
-58
-56
-53
-52
-56
-53
-49
-48
-49
-37
-47
-49
-42
-44
-50
-53
-47
-34
-29
-34
-61
-89
-78
-59
-57
-55
-42
-40
-54
-40
-18
-8
26
41
21
7
11
23
38
39
38
40
33
15
-11
-24
-21
-23
-36
-53
-63
-78
-73
-69
-76
-72
-60
-52
-56
-45
-43
-47
-47
-51
-59
-67
-59
-61
-62
-69
-69
-64
-58
-33
-11
-5
-28
-44
0
79
151
187
83
-82
-151
-112
-46
-98
-123
-117
-103
-94
-58
-24
-29
-45
-38
-29
-15
-15
-7
-3
-4
6
7
14
15
26
21
19
20
32
25
24
28
36
31
31
27
42
44
46
39
20
17
17
12
6
-12
-32
-35
-29
-26
-17
2
1
-1
2
15
20
15
22
26
22
32
46
42
35
55
59
50
13
-2
-2
-2
4
6
3
6
5
-1
6
11
10
-3
-7
-3
-12
-13
-25
-23
-20
-14
-19
-28
-29
-22
-31
-19
-12
-8
-10
-8
-11
-16
-18
-7
7
34
54
50
49
60
76
75
79
87
76
79
82
50
11
-2
2
4
0
0
5
-8
-44
-70
-80
-77
-69
-61
-56
-48
-53
-61
-58
-49
-55
-57
-47
-54
-58
-52
-48
-53
-54
-41
-32
-25
-24
-48
-22
70
151
209
171
4
-128
-167
-102
-88
-146
-154
-133
-116
-96
-62
-35
-39
-40
-28
-26
-31
-18
-16
-21
-20
-11
-13
-17
-10
-1
-1
-5
-13
-21
-25
-24
-28
-28
-21
-24
-30
-33
-26
-35
-39
-33
-29
-33
-30
-31
-38
-45
-48
-61
-58
-53
-50
-51
-48
-51
-59
-51
-37
-32
-39
-41
-37
-37
-40
-40
-47
-35
-28
-43
-50
-38
-34
-37
-48
-52
-57
-59
-61
-63
-59
-57
-64
-67
-55
-52
-64
-64
-58
-64
-68
-64
-74
-80
-76
-71
-77
-80
-74
-71
-79
-79
-71
-72
-71
-64
-58
-43
-39
-38
-34
-10
8
2
-7
-1
-8
-8
-18
-34
-60
-69
-76
-78
-83
-94
-103
-117
-121
-122
-119
-117
-125
-120
-113
-109
-113
-107
-101
-109
-108
-112
-123
-122
-122
-112
-104
-99
-86
-67
-54
-51
-42
23
131
244
291
168
-13
-103
-85
-83
-170
-205
-200
-164
-151
-131
-96
-87
-98
-90
-83
-86
-79
-70
-73
-70
-67
-70
-72
-70
-69
-72
-71
-63
-60
-60
-57
-56
-57
-57
-58
-65
-69
-61
-72
-76
-75
-84
-88
-86
-84
-95
-94
-87
-93
-94
-87
-89
-101
-90
-89
-91
-87
-78
-76
-82
-69
-71
-71
-60
-60
-64
-57
-57
-56
-56
-53
-52
-58
-54
-54
-59
-57
-57
-61
-63
-57
-57
-58
-49
-58
-61
-55
-48
-50
-57
-54
-52
-55
-46
-49
-57
-55
-53
-52
-53
-54
-55
-52
-37
-30
-16
0
-7
-19
-5
15
19
20
40
45
31
22
12
-3
-9
-19
-24
-30
-32
-48
-62
-60
-69
-74
-64
-68
-68
-66
-64
-61
-63
-52
-61
-65
-61
-61
-62
-58
-56
-64
-58
-46
-34
-23
-15
-37
-40
49
142
191
104
-72
-161
-158
-76
-77
-151
-145
-124
-105
-69
-40
-30
-21
-16
-17
-19
-11
-8
-8
-1
2
3
10
9
6
9
11
5
5
16
10
8
13
6
0
8
12
2
6
2
-1
-6
-2
-8
-9
-4
-8
-13
-11
-3
-10
-3
-3
-4
1
11
3
10
17
18
11
23
17
16
17
17
11
4
12
7
1
3
2
1
-3
-8
-13
-2
-4
-13
-19
-12
-15
-20
-12
-19
-24
-21
-26
-25
-22
-22
-25
-24
-19
-24
-20
-11
-6
2
24
34
26
29
32
42
59
59
65
81
81
65
43
36
27
15
20
7
0
-8
-21
-37
-37
-35
-41
-42
-35
-43
-39
-32
-37
-32
-21
-28
-34
-24
-28
-26
-27
-26
-26
-22
5
13
6
-9
-19
50
142
201
92
-86
-175
-141
-52
-74
-132
-128
-95
-65
-24
7
14
18
23
22
23
27
37
35
33
37
43
41
52
50
47
49
55
50
51
54
49
51
48
39
36
47
42
34
32
31
28
26
30
23
27
25
21
23
29
23
27
32
34
29
31
34
32
41
44
37
38
45
36
32
32
28
20
28
26
15
16
19
7
7
7
-2
-1
1
0
-8
0
-2
-10
-10
-11
-18
-17
-9
-16
-14
-16
-16
-24
-21
-19
-23
-13
-4
4
20
32
19
15
27
44
44
55
65
67
71
43
16
13
6
-7
-8
-9
-20
-39
-47
-55
-70
-68
-67
-74
-71
-65
-68
-69
-62
-64
-69
-63
-64
-72
-71
-69
-74
-73
-65
-76
-53
-29
-44
-73
-52
31
113
168
111
-78
-195
-174
-99
-139
-170
-170
-148
-130
-99
-72
-56
-55
-54
-50
-44
-43
-44
-32
-40
-36
-36
-28
-24
-21
-24
-44
-42
-37
-39
-39
-35
-42
-52
-54
-48
-51
-47
-47
-58
-60
-56
-58
-63
-61
-68
-74
-77
-76
-77
-79
-78
-84
-79
-61
-62
-68
-70
-71
-68
-54
-57
-56
-60
-60
-62
-63
-60
-60
-75
-79
-80
-83
-83
-81
-81
-83
-83
-85
-89
-79
-80
-84
-81
-85
-91
-92
-88
-85
-82
-75
-82
-93
-91
-89
-86
-92
-91
-92
-92
-79
-70
-62
-45
-40
-48
-40
-26
-24
-22
-13
-4
-7
-21
-37
-38
-53
-57
-61
-71
-76
-90
-100
-107
-109
-118
-118
-117
-119
-123
-119
-120
-126
-114
-106
-115
-115
-114
-117
-116
-110
-116
-123
-116
-108
-93
-67
-59
-79
-66
25
144
232
175
8
-116
-151
-99
-81
-157
-186
-195
-172
-140
-118
-108
-106
-93
-87
-86
-83
-81
-84
-77
-73
-78
-73
-64
-67
-72
-72
-74
-73
-68
-68
-71
-68
-68
-72
-77
-74
-80
-88
-84
-89
-94
-97
-93
-103
-102
-99
-103
-108
-107
-104
-110
-115
-111
-108
-107
-100
-100
-101
-88
-94
-94
-88
-81
-82
-85
-87
-87
-89
-81
-78
-86
-88
-86
-81
-91
-85
-86
-93
-93
-93
-99
-100
-92
-88
-93
-89
-90
-96
-90
-87
-96
-94
-86
-90
-93
-85
-86
-86
-85
-87
-88
-90
-73
-66
-61
-45
-36
-47
-50
-32
-30
-23
-10
4
0
-7
-14
-34
-41
-45
-46
-56
-58
-64
-80
-91
-91
-104
-108
-102
-94
-99
-98
-94
-96
-95
-88
-87
-90
-78
-79
-84
-85
-86
-83
-90
-84
-73
-58
-41
-47
-77
-78
-4
86
164
149
-10
-141
-168
-98
-106
-172
-170
-156
-139
-123
-90
-60
-55
-41
-37
-42
-35
-26
-29
-27
-20
-14
-14
-11
-5
-14
-13
-10
-13
-13
-11
-4
-7
-13
-4
-4
-10
-11
-14
-21
-19
-18
-28
-30
-23
-22
-29
-23
-26
-31
-30
-27
-28
-37
-26
-24
-26
-14
-8
-9
-7
-1
0
1
8
7
-3
-5
-3
-6
-6
3
-5
-8
-7
-4
-16
-17
-17
-23
-20
-19
-18
-26
-22
-21
-28
-27
-24
-27
-33
-31
-28
-35
-33
-27
-34
-34
-20
-26
-29
-27
-20
-24
-12
3
14
18
16
13
17
34
43
44
55
69
62
44
28
22
9
-4
7
3
-10
-18
-29
-49
-53
-51
-59
-56
-48
-51
-52
-46
-46
-53
-42
-42
-41
-40
-35
-43
-48
-47
-43
-42
-41
-21
-13
-10
-28
-42
8
99
166
192
82
-86
-170
-136
-70
-119
-148
-130
-100
-82
-60
-26
-2
0
8
12
12
14
19
20
15
20
30
30
30
31
30
30
35
31
27
30
26
21
25
24
19
15
24
18
16
18
10
7
11
13
7
6
11
8
3
8
9
3
5
15
15
16
24
29
25
31
30
30
33
30
30
24
27
27
19
18
21
15
14
16
10
6
8
4
-3
6
4
0
-4
-1
-3
-12
-9
-8
-13
-4
-8
-14
-9
-8
-8
-12
-6
-11
-13
2
11
26
42
46
36
41
59
71
70
78
88
87
86
70
46
42
34
26
23
18
8
-16
-26
-37
-49
-44
-43
-46
-42
-35
-36
-40
-33
-35
-38
-28
-34
-44
-40
-31
-39
-40
-38
-35
-22
-8
-14
-37
-28
58
122
178
141
-42
-164
-160
-81
-100
-144
-141
-123
-105
-71
-46
-32
-28
-20
-16
-14
-11
-11
-8
-5
-4
-3
-1
0
0
0
-3
-8
-5
-7
-7
-9
-5
-7
-15
-12
-12
-19
-21
-30
-30
-31
-34
-40
-41
-36
-39
-38
-30
-36
-42
-40
-42
-47
-44
-37
-39
-27
-26
-30
-34
-24
-34
-34
-30
-31
-33
-35
-34
-44
-52
-50
-58
-54
-52
-57
-56
-53
-64
-77
-68
-66
-70
-61
-63
-72
-72
-66
-77
-74
-70
-70
-75
-66
-70
-73
-70
-69
-66
-57
-38
-32
-26
-32
-38
-22
-7
-1
4
14
22
11
-13
-18
-32
-39
-34
-46
-57
-64
-77
-92
-95
-100
-104
-103
-96
-99
-98
-94
-97
-100
-89
-86
-93
-96
-91
-94
-90
-81
-82
-86
-55
-43
-36
-55
-60
13
124
184
73
-90
-161
-139
-60
-97
-157
-163
-134
-110
-78
-48
-42
-36
-26
-19
-22
-20
-13
-14
-14
1
-2
-2
7
5
0
7
10
9
3
0
-2
2
10
-2
1
7
-2
-13
-9
-9
-14
-12
-14
-16
-10
-17
-24
-20
-8
-6
-12
-6
-9
-1
10
12
11
13
19
10
15
21
7
15
24
10
3
10
10
10
7
9
2
-2
6
-4
-10
-1
-6
-12
-5
-10
-22
-17
-11
-14
-11
-11
-16
-14
-18
-25
-28
-16
-19
-20
-8
6
15
31
37
29
35
54
64
61
67
88
90
76
52
37
26
22
13
11
10
2
-13
-17
-34
-42
-36
-40
-38
-30
-40
-38
-32
-32
-36
-31
-29
-37
-29
-21
-31
-35
-27
-23
-16
7
3
-33
-38
31
113
161
88
-87
-196
-214
-117
-106
-147
-134
-100
-64
-23
3
15
21
21
23
32
29
31
43
39
43
42
45
43
43
55
58
50
48
47
46
54
47
40
44
45
28
36
41
36
33
33
26
25
28
25
29
25
19
22
25
27
25
26
31
30
26
37
36
32
39
40
35
31
29
25
24
30
14
11
15
19
4
8
2
-4
0
-7
-13
-10
-12
-19
-19
-15
-21
-28
-20
-20
-29
-27
-24
-29
-29
-22
-21
-23
-21
-18
-7
9
24
29
38
38
37
55
71
69
71
90
78
58
44
31
20
11
13
6
-13
-17
-37
-50
-51
-52
-58
-48
-42
-48
-51
-44
-47
-45
-46
-48
-45
-44
-42
-44
-41
-36
-42
-39
-27
-17
-4
-27
-58
-21
69
132
157
49
-141
-241
-210
-125
-149
-169
-142
-112
-82
-42
-15
-7
-6
2
1
0
7
6
11
18
16
13
17
26
23
11
14
12
10
14
14
8
10
11
0
-3
-1
-1
-4
-11
-13
-19
-11
-15
-24
-20
-20
-22
-22
-24
-25
-33
-32
-26
-30
-29
-23
-26
-20
-21
-18
-25
-28
-22
-26
-28
-28
-29
-31
-34
-40
-52
-48
-53
-54
-56
-56
-60
-66
-59
-63
-71
-76
-75
-76
-73
-72
-79
-88
-83
-84
-91
-86
-90
-96
-94
-88
-89
-90
-81
-76
-67
-48
-42
-47
-44
-28
-16
-17
-8
0
9
-2
-20
-38
-43
-50
-68
-76
-79
-82
-103
-105
-116
-127
-135
-133
-133
-139
-127
-133
-131
-121
-120
-128
-131
-124
-124
-130
-126
-126
-124
-126
-124
-124
-114
-91
-79
-93
-110
-100
-27
79
135
25
-139
-209
-172
-120
-175
-220
-223
-214
-187
-160
-134
-112
-113
-109
-100
-98
-107
-103
-95
-92
-88
-83
-79
-83
-78
-82
-83
-83
-86
-92
-92
-88
-86
-89
-97
-94
-99
-107
-104
-111
-115
-114
-112
-117
-126
-123
-124
-128
-131
-129
-133
-126
-126
-132
-133
-130
-136
-141
-133
-132
-127
-125
-122
-123
-124
-115
-115
-113
-114
-116
-113
-115
-113
-115
-124
-124
-129
-127
-125
-122
-126
-128
-123
-124
-127
-124
-123
-125
-127
-121
-126
-125
-119
-125
-131
-124
-122
-126
-131
-130
-130
-132
-119
-108
-97
-80
-75
-82
-77
-58
-48
-54
-48
-36
-43
-57
-58
-68
-88
-96
-96
-104
-111
-113
-128
-143
-144
-149
-152
-147
-147
-145
-143
-139
-136
-136
-130
-125
-127
-128
-126
-128
-125
-123
-126
-128
-122
-121
-109
-93
-87
-107
-111
-46
46
122
95
-68
-196
-241
-197
-130
-189
-215
-201
-180
-150
-118
-96
-86
-77
-76
-76
-74
-72
-61
-64
-57
-55
-57
-53
-41
-48
-47
-45
-40
-49
-46
-43
-45
-53
-48
-46
-54
-52
-56
-55
-59
-49
-51
-60
-59
-60
-62
-57
-66
-77
-70
-64
-63
-69
-61
-52
-54
-51
-46
-51
-42
-38
-38
-37
-33
-35
-37
-31
-30
-31
-37
-30
-38
-43
-44
-40
-45
-42
-46
-52
-54
-50
-51
-56
-56
-52
-65
-64
-58
-62
-63
-62
-56
-64
-64
-60
-66
-71
-69
-64
-67
-62
-59
-50
-31
-8
-2
-3
-5
4
20
28
38
37
31
27
9
0
-8
-24
-31
-28
-41
-56
-67
-75
-79
-86
-86
-82
-87
-80
-73
-73
-76
-71
-76
-74
-68
-70
-72
-62
-63
-69
-69
-64
-64
-54
-28
-28
-54
-71
-30
65
139
148
9
-154
-227
-188
-116
-146
-161
-154
-117
-82
-57
-33
-23
-23
-20
-8
3
-3
4
13
9
9
19
18
16
25
27
23
27
32
21
19
30
23
20
25
29
19
12
16
4
6
10
8
8
11
8
5
10
14
12
11
16
4
7
13
8
8
25
25
26
29
31
28
24
22
15
6
13
12
10
13
4
-2
-4
0
3
-8
-4
-6
-14
-19
-18
-24
-23
-24
-23
-20
-24
-27
-36
-31
-28
-33
-31
-31
-36
-32
-31
-26
-23
1
9
23
40
40
41
60
75
78
83
87
74
53
49
31
5
0
-2
-12
-24
-33
-54
-57
-49
-58
-64
-60
-54
-54
-45
-48
-51
-51
-43
-51
-56
-49
-50
-49
-48
-53
-48
-36
-21
-14
-29
-62
-69
1
95
122
-2
-173
-252
-196
-128
-170
-176
-156
-115
-90
-58
-24
-17
-14
-1
2
-2
0
4
2
8
18
12
10
21
12
14
20
16
10
7
9
10
6
12
2
-5
-3
-8
-17
-10
-15
-24
-22
-18
-26
-27
-23
-24
-24
-25
-28
-28
-26
-22
-24
-21
-21
-21
-16
-16
-26
-18
-24
-29
-27
-26
-29
-31
-28
-36
-47
-48
-53
-52
-51
-61
-64
-62
-55
-64
-64
-62
-66
-71
-64
-75
-80
-75
-79
-86
-76
-72
-82
-78
-80
-82
-75
-67
-58
-45
-27
-24
-32
-15
2
4
10
12
3
0
-8
-35
-47
-57
-64
-64
-70
-85
-100
-104
-111
-115
-108
-112
-113
-110
-109
-113
-108
-105
-108
-104
-98
-103
-102
-99
-108
-109
-95
-89
-74
-63
-78
-104
-68
38
137
122
-66
-204
-236
-164
-105
-175
-193
-184
-164
-128
-95
-81
-74
-70
-69
-74
-62
-63
-66
-61
-61
-63
-57
-52
-57
-53
-46
-50
-51
-50
-54
-57
-52
-54
-64
-61
-68
-73
-71
-64
-79
-82
-75
-84
-85
-89
-91
-97
-94
-91
-96
-93
-91
-101
-96
-86
-88
-85
-82
-84
-74
-69
-71
-71
-71
-83
-84
-70
-74
-89
-80
-81
-93
-100
-90
-96
-102
-95
-96
-106
-93
-101
-104
-105
-112
-115
-100
-92
-104
-102
-98
-104
-108
-113
-120
-116
-105
-99
-96
-92
-76
-72
-71
-74
-58
-45
-40
-35
-37
-40
-38
-49
-65
-78
-92
-100
-96
-109
-125
-137
-145
-149
-139
-142
-144
-145
-139
-144
-142
-143
-145
-148
-143
-147
-141
-128
-135
-138
-140
-138
-141
-118
-94
-98
-114
-85
8
125
229
208
25
-131
-159
-112
-157
-207
-222
-201
-169
-145
-121
-104
-104
-104
-102
-95
-101
-99
-89
-96
-93
-83
-82
-77
-72
-72
-74
-74
-77
-79
-75
-71
-71
-73
-69
-77
-83
-90
-87
-94
-93
-90
-96
-98
-90
-100
-105
-103
-96
-108
-101
-98
-99
-103
-96
-96
-93
-81
-78
-77
-75
-67
-73
-64
-66
-67
-66
-61
-65
-69
-64
-61
-70
-73
-64
-71
-68
-66
-70
-73
-70
-71
-77
-77
-72
-79
-77
-71
-77
-78
-73
-81
-84
-84
-83
-89
-77
-76
-77
-72
-57
-45
-28
-20
-18
-23
-8
7
12
14
15
3
-1
-5
-27
-50
-53
-54
-62
-71
-83
-95
-100
-96
-100
-103
-90
-97
-99
-94
-91
-98
-89
-87
-83
-86
-82
-84
-90
-90
-84
-85
-83
-66
-47
-48
-62
-85
-30
67
147
164
49
-118
-215
-190
-108
-148
-180
-163
-128
-112
-81
-51
-45
-48
-41
-35
-37
-32
-27
-25
-22
-13
-15
-14
-8
-3
-1
-7
-5
-8
-10
-5
-8
-14
-9
-9
-18
-14
-5
-10
-22
-20
-21
-24
-20
-23
-30
-29
-28
-28
-35
-30
-28
-32
-35
-25
-29
-24
-17
-21
-20
-12
-12
-14
-15
-10
-9
-15
-15
-14
-22
-19
-23
-34
-34
-29
-34
-40
-40
-36
-43
-42
-40
-51
-44
-48
-51
-54
-58
-49
-56
-56
-54
-56
-63
-60
-63
-59
-53
-53
-56
-54
-38
-29
-14
1
3
0
13
34
33
34
39
39
25
22
13
-9
-30
-28
-32
-41
-45
-58
-75
-82
-81
-87
-87
-82
-85
-86
-76
-77
-75
-75
-68
-70
-72
-66
-68
-77
-79
-70
-78
-76
-54
-40
-31
-36
-65
-93
-51
50
119
82
-83
-217
-231
-145
-128
-181
-178
-144
-123
-105
-79
-43
-38
-32
-26
-26
-26
-15
-15
-16
-5
-1
-4
-5
2
4
-2
1
3
1
-1
5
-1
-4
-2
2
-6
-7
-5
-10
-14
-9
-16
-18
-17
-22
-24
-26
-18
-19
-15
-16
-16
-21
-13
-14
-16
-13
-3
-6
-7
-6
-3
-6
-9
-7
-9
-16
-18
-15
-25
-19
-11
-20
-28
-26
-28
-38
-38
-35
-43
-45
-45
-52
-55
-51
-46
-58
-62
-55
-63
-70
-71
-72
-71
-64
-72
-72
-77
-72
-71
-72
-64
-58
-45
-32
-18
-18
-11
4
7
6
12
16
5
0
-1
-16
-36
-45
-58
-64
-67
-78
-98
-106
-114
-112
-120
-113
-109
-110
-108
-105
-108
-107
-103
-104
-102
-103
-97
-108
-112
-104
-109
-104
-96
-85
-74
-60
-72
-104
-103
-16
79
132
41
-128
-213
-176
-100
-151
-201
-202
-185
-159
-130
-96
-86
-90
-80
-70
-71
-68
-62
-67
-68
-58
-51
-52
-54
-52
-58
-60
-54
-55
-59
-59
-55
-59
-59
-59
-62
-64
-61
-61
-77
-72
-75
-92
-96
-92
-88
-93
-89
-85
-94
-89
-87
-89
-87
-92
-91
-92
-90
-86
-93
-84
-76
-78
-78
-72
-76
-78
-71
-69
-76
-82
-78
-87
-86
-82
-84
-93
-92
-96
-94
-96
-91
-96
-100
-95
-96
-99
-93
-93
-95
-92
-86
-94
-89
-82
-93
-107
-97
-94
-97
-98
-91
-87
-75
-62
-59
-57
-49
-35
-21
-4
-2
-14
-18
-14
-18
-40
-59
-66
-80
-83
-82
-97
-115
-115
-117
-119
-114
-118
-119
-116
-106
-113
-110
-100
-103
-108
-102
-100
-106
-103
-96
-102
-103
-93
-87
-68
-52
-69
-79
-26
72
162
232
168
-11
-125
-112
-63
-128
-167
-177
-161
-138
-111
-84
-76
-70
-64
-69
-57
-51
-57
-53
-49
-53
-49
-45
-40
-43
-42
-43
-43
-40
-34
-42
-38
-34
-39
-39
-37
-41
-53
-51
-46
-54
-56
-57
-62
-65
-58
-64
-66
-60
-60
-67
-63
-59
-64
-62
-57
-53
-56
-44
-39
-41
-36
-31
-39
-39
-33
-38
-38
-32
-40
-47
-42
-45
-45
-45
-39
-47
-41
-44
-50
-51
-48
-51
-53
-43
-44
-52
-48
-50
-57
-58
-56
-59
-61
-52
-59
-57
-49
-48
-43
-29
-12
-11
0
5
14
23
35
34
31
29
27
15
4
-14
-23
-34
-32
-51
-69
-73
-75
-80
-74
-74
-75
-80
-68
-71
-74
-68
-68
-69
-57
-51
-58
-55
-52
-58
-53
-51
-48
-34
-16
-47
-70
-22
57
124
166
45
-128
-176
-106
-84
-147
-145
-131
-109
-81
-52
-32
-25
-14
-16
-13
-8
-9
-4
2
2
3
17
16
11
17
18
21
19
18
12
11
16
12
11
12
3
1
2
0
-8
-1
2
-7
-6
2
-1
-4
-2
-4
0
1
6
0
10
12
8
14
16
14
17
19
14
13
18
11
13
19
14
10
2
1
-1
-4
-4
-7
-9
-2
-9
-13
-7
-15
-15
-19
-14
-19
-17
-13
-18
-19
-14
-20
-26
-26
-20
-23
-18
-10
-8
10
28
32
31
38
51
65
79
74
72
71
58
39
25
3
-8
-5
-2
-23
-30
-41
-45
-51
-48
-49
-49
-36
-36
-39
-31
-35
-40
-38
-31
-34
-34
-29
-27
-33
-26
-26
-13
6
-1
-35
-21
62
134
183
117
-71
-177
-149
-73
-108
-129
-113
-91
-59
-33
-9
1
10
10
14
20
20
27
32
33
31
30
33
33
41
41
36
40
40
36
37
29
25
29
35
30
21
28
24
12
24
19
15
19
13
2
8
18
17
16
22
18
18
27
22
23
29
27
26
23
31
27
24
29
24
21
26
19
10
16
15
2
3
8
4
0
1
-8
-12
-5
-12
-17
-10
-8
-23
-20
-15
-19
-17
-16
-22
-24
-20
-21
-21
-12
-15
-8
8
25
30
36
43
52
66
73
72
69
66
56
38
25
9
-8
-4
-6
-32
-40
-51
-60
-61
-59
-55
-61
-56
-53
-52
-50
-46
-54
-51
-47
-44
-49
-49
-50
-55
-53
-48
-45
-25
-20
-46
-66
-27
48
118
164
48
-125
-182
-118
-78
-139
-148
-140
-112
-86
-61
-40
-26
-22
-25
-19
-19
-18
-12
-7
-11
-14
-3
-7
-10
-6
-6
-8
-3
-3
-8
-8
-2
-12
-13
-10
-12
-17
-19
-16
-22
-21
-28
-28
-27
-24
-30
-28
-26
-37
-40
-35
-36
-41
-39
-28
-31
-25
-22
-26
-25
-20
-16
-16
-16
-13
-22
-29
-25
-32
-34
-29
-32
-43
-36
-37
-42
-38
-44
-42
-51
-47
-51
-52
-46
-46
-44
-42
-47
-59
-62
-54
-57
-61
-49
-44
-50
-50
-43
-42
-32
-13
-13
-8
-6
1
15
29
40
40
31
32
26
24
11
-14
-37
-27
-32
-49
-62
-63
-67
-82
-82
-77
-81
-77
-74
-84
-77
-68
-72
-72
-64
-61
-73
-69
-58
-68
-67
-64
-64
-59
-27
-14
-18
-36
-16
74
178
240
119
-49
-109
-73
-30
-91
-143
-157
-141
-105
-82
-61
-45
-40
-46
-41
-38
-36
-34
-26
-22
-20
-18
-18
-18
-16
-10
-13
-23
-23
-23
-29
-29
-24
-24
-27
-24
-26
-35
-42
-33
-38
-45
-42
-45
-48
-43
-46
-54
-52
-52
-55
-60
-60
-61
-60
-54
-49
-49
-42
-38
-44
-46
-40
-41
-43
-38
-36
-38
-37
-36
-34
-40
-36
-34
-40
-46
-40
-46
-48
-47
-48
-45
-40
-41
-50
-49
-45
-47
-48
-41
-41
-52
-51
-43
-48
-54
-46
-47
-49
-48
-41
-43
-36
-17
-8
-5
3
10
17
31
40
41
39
38
35
19
11
-1
-21
-22
-16
-24
-42
-48
-59
-63
-62
-56
-58
-60
-54
-54
-54
-47
-44
-42
-41
-37
-38
-45
-40
-38
-39
-37
-32
-31
-18
-2
8
-14
-20
37
124
212
227
112
-47
-124
-98
-39
-84
-118
-116
-94
-64
-38
-14
2
5
6
7
12
17
18
26
27
24
24
30
30
28
36
38
32
31
40
35
32
33
31
32
36
33
21
24
27
24
19
24
20
13
21
20
11
16
17
13
11
15
18
15
19
29
22
30
39
40
35
39
45
38
38
38
35
31
35
35
27
28
29
21
20
27
21
14
15
12
7
10
12
8
7
12
7
1
-1
6
-4
-3
3
-3
-5
-1
-4
-6
1
0
-2
6
23
35
42
48
50
57
75
83
84
81
84
78
71
60
49
25
16
13
1
-7
-17
-30
-38
-31
-29
-31
-33
-33
-30
-31
-21
-23
-22
-19
-13
-20
-22
-18
-19
-22
-14
-16
-13
8
20
5
-23
-22
34
106
175
154
-16
-138
-148
-76
-70
-116
-115
-89
-64
-42
-27
0
13
13
15
24
23
23
35
31
34
39
38
36
40
48
47
44
51
46
35
39
43
40
44
45
39
31
39
30
26
30
28
22
27
27
22
22
24
23
19
26
25
25
32
31
30
29
39
31
32
41
46
44
46
43
35
39
43
34
25
28
22
19
22
21
16
16
17
6
7
12
11
8
9
9
0
0
0
-1
1
4
3
-4
0
-6
-8
-2
0
-8
-1
13
23
37
53
51
49
66
84
85
88
84
83
72
68
52
33
22
19
13
5
0
-21
-27
-30
-36
-32
-31
-28
-30
-23
-18
-23
-27
-21
-26
-22
-17
-19
-20
-21
-20
-17
-14
-4
3
16
5
-26
15
116
182
126
-45
-160
-179
-117
-53
-110
-129
-101
-77
-52
-13
10
8
15
23
21
24
30
27
28
39
36
36
42
39
39
37
40
35
31
36
24
30
34
28
19
23
29
20
13
11
11
8
5
-1
-7
0
-1
-8
-6
-1
-2
-2
0
-2
-4
0
1
-4
6
10
5
4
5
-1
-9
-4
-10
-12
-16
-20
-18
-16
-20
-32
-34
-32
-38
-39
-38
-49
-46
-42
-46
-49
-52
-55
-62
-62
-61
-61
-64
-60
-67
-65
-56
-55
-59
-54
-51
-61
-60
-47
-38
-23
-12
-21
-10
13
19
17
20
19
12
3
-14
-46
-59
-52
-55
-63
-65
-82
-95
-98
-99
-100
-99
-95
-98
-89
-84
-90
-91
-80
-83
-85
-84
-91
-97
-97
-88
-89
-67
-45
-46
-63
-77
-26
77
175
143
-26
-143
-154
-95
-75
-146
-179
-156
-136
-116
-83
-62
-58
-59
-46
-48
-52
-49
-51
-58
-48
-47
-46
-44
-42
-49
-42
-38
-38
-34
-35
-44
-44
-42
-52
-51
-48
-60
-68
-60
-56
-63
-60
-71
-75
-77
-80
-77
-72
-74
-81
-79
-79
-73
-77
-71
-72
-73
-70
-64
-72
-56
-52
-58
-66
-60
-55
-62
-69
-74
-79
-74
-70
-74
-64
-58
-70
-76
-74
-72
-74
-70
-75
-81
-79
-81
-86
-84
-80
-79
-79
-74
-77
-71
-68
-77
-82
-77
-82
-85
-73
-66
-58
-46
-38
-45
-40
-23
-13
-11
4
10
0
-9
-12
-27
-32
-45
-56
-56
-65
-84
-94
-98
-102
-110
-102
-107
-110
-107
-101
-97
-96
-89
-97
-97
-98
-99
-96
-93
-92
-97
-88
-89
-86
-64
-43
-61
-72
-17
82
184
216
67
-94
-135
-84
-61
-141
-167
-166
-141
-116
-92
-78
-63
-62
-63
-54
-49
-58
-52
-47
-51
-44
-36
-44
-47
-34
-41
-42
-36
-32
-38
-38
-35
-45
-42
-41
-49
-50
-44
-49
-57
-53
-56
-64
-56
-59
-71
-69
-66
-71
-68
-64
-60
-63
-60
-55
-58
-52
-47
-45
-48
-33
-34
-36
-39
-34
-38
-38
-39
-46
-46
-38
-43
-44
-43
-48
-51
-52
-53
-51
-46
-43
-50
-48
-45
-46
-55
-46
-51
-57
-53
-50
-53
-47
-50
-54
-49
-44
-48
-54
-45
-36
-26
-14
-1
-9
-12
0
8
20
24
29
39
48
37
12
5
5
-11
-5
-8
-22
-36
-43
-50
-60
-64
-61
-68
-60
-55
-57
-46
-47
-46
-50
-40
-41
-51
-50
-44
-50
-45
-39
-41
-32
-8
2
-8
-35
-7
78
166
184
38
-118
-174
-142
-72
-97
-140
-128
-98
-72
-43
-18
-6
-4
-1
9
11
6
11
17
11
17
24
17
18
25
27
22
31
28
30
28
28
20
19
24
22
19
19
15
15
9
11
7
3
10
2
1
4
8
2
8
9
9
4
12
14
13
20
27
22
27
34
32
28
31
19
12
11
17
15
12
15
7
5
8
6
4
2
8
-3
-8
0
-4
-8
-5
-6
-18
-10
-12
-13
-20
-10
-6
-15
-12
-12
-23
-23
-16
-18
-14
-8
2
10
28
36
31
29
41
49
55
64
74
77
81
72
46
36
32
24
20
16
6
-6
-19
-28
-39
-47
-40
-39
-44
-35
-33
-41
-41
-24
-26
-31
-28
-21
-27
-23
-22
-24
-29
-23
-20
-3
15
25
8
-25
21
108
177
173
8
-137
-167
-96
-51
-109
-139
-117
-96
-66
-29
-8
6
16
14
13
24
24
24
34
34
31
29
39
36
36
43
44
36
37
40
39
38
37
37
33
29
32
23
20
26
17
17
14
18
13
3
11
3
0
4
3
1
12
14
11
8
10
15
13
20
18
17
20
22
17
13
17
14
7
0
2
-2
-5
-4
-11
-21
-17
-11
-16
-24
-17
-18
-25
-29
-29
-37
-31
-24
-31
-35
-43
-41
-40
-44
-41
-48
-48
-44
-43
-49
-43
-45
-47
-44
-28
-11
-4
-7
-7
-3
14
24
30
39
56
53
33
14
1
-8
-21
-15
-23
-34
-45
-58
-77
-86
-87
-88
-87
-80
-76
-78
-79
-73
-75
-74
-71
-71
-74
-71
-68
-71
-70
-66
-64
-61
-45
-33
-32
-47
-64
-26
59
153
203
105
-60
-136
-106
-50
-103
-150
-160
-151
-123
-105
-68
-44
-44
-51
-43
-43
-45
-37
-34
-40
-44
-32
-30
-26
-16
-23
-29
-23
-29
-34
-32
-28
-28
-36
-35
-34
-39
-44
-46
-48
-53
-53
-48
-52
-52
-53
-61
-72
-68
-64
-66
-64
-66
-80
-72
-68
-72
-67
-65
-62
-64
-58
-45
-55
-60
-51
-51
-52
-51
-48
-54
-50
-47
-54
-58
-57
-62
-71
-59
-61
-65
-68
-59
-62
-67
-60
-52
-57
-61
-63
-66
-59
-56
-63
-72
-67
-60
-66
-64
-63
-65
-69
-59
-52
-39
-28
-15
-24
-33
-19
-19
-13
-1
10
23
28
9
-11
-19
-27
-33
-33
-40
-54
-67
-77
-85
-96
-89
-88
-91
-87
-79
-87
-89
-84
-82
-89
-81
-82
-84
-82
-75
-77
-80
-77
-70
-72
-52
-32
-35
-54
-52
-1
101
216
233
68
-75
-99
-55
-75
-139
-158
-146
-124
-99
-81
-52
-41
-35
-34
-30
-25
-29
-23
-21
-21
-19
-13
-17
-11
-4
-7
-7
-2
-1
-8
-9
-7
-12
-14
-10
-13
-23
-19
-18
-27
-25
-24
-31
-37
-29
-36
-38
-33
-34
-39
-32
-28
-34
-28
-22
-23
-23
-17
-14
-10
-4
-4
-6
-5
-1
-8
-6
-4
0
-6
-2
-8
-12
-5
-6
-7
-6
-8
-11
-19
-12
-13
-15
-12
-8
-15
-6
-12
-16
-16
-18
-21
-22
-16
-20
-21
-15
-19
-13
-9
-1
1
21
40
40
31
38
51
47
58
69
77
85
81
59
42
37
25
22
16
2
-13
-13
-24
-39
-41
-38
-42
-37
-34
-33
-29
-21
-25
-23
-21
-22
-22
-26
-19
-26
-24
-22
-18
-8
13
7
-20
-25
41
126
196
157
-29
-144
-122
-50
-82
-122
-114
-91
-66
-36
-7
15
23
16
29
31
25
31
37
40
37
40
42
42
49
51
46
51
48
41
40
46
47
35
39
37
30
33
30
21
22
25
25
23
30
30
23
23
23
19
24
26
19
24
31
31
30
35
36
36
45
45
34
40
40
27
31
29
28
29
25
23
21
27
19
12
18
18
11
5
13
6
3
9
4
1
9
4
1
3
4
2
2
2
-3
0
6
0
6
20
37
38
56
60
47
56
71
75
88
104
107
96
91
71
51
44
38
31
29
15
-5
-12
-18
-34
-32
-26
-24
-22
-15
-16
-16
-16
-17
-16
-9
-8
-17
-13
-11
-13
-16
-8
0
15
29
5
-25
7
96
169
181
32
-132
-174
-104
-70
-128
-115
-92
-72
-43
-7
11
19
26
29
27
37
31
26
36
43
41
42
44
33
40
48
42
40
41
37
31
31
36
29
29
29
24
18
16
4
4
10
2
1
4
0
-8
-12
-8
-7
-5
-2
-4
-3
1
-7
-10
-4
1
0
-2
-2
-6
-7
-6
-14
-25
-18
-19
-26
-20
-22
-25
-26
-26
-34
-35
-36
-44
-56
-52
-51
-54
-49
-47
-53
-53
-54
-60
-58
-52
-56
-59
-55
-57
-62
-56
-49
-53
-46
-26
-18
-11
-17
-27
-21
-8
8
12
26
39
18
-1
-10
-25
-36
-32
-43
-58
-59
-66
-81
-92
-91
-101
-108
-103
-99
-98
-94
-84
-91
-92
-88
-92
-91
-86
-88
-92
-87
-86
-92
-89
-71
-48
-52
-64
-54
42
153
218
138
-19
-132
-155
-92
-94
-165
-176
-165
-144
-120
-80
-63
-69
-70
-65
-60
-59
-49
-52
-55
-50
-44
-47
-37
-32
-42
-46
-42
-39
-46
-40
-40
-48
-51
-48
-47
-51
-52
-53
-63
-67
-63
-66
-65
-64
-72
-77
-77
-77
-78
-74
-73
-74
-81
-72
-72
-85
-77
-77
-75
-64
-55
-60
-64
-52
-54
-58
-52
-52
-61
-57
-57
-64
-66
-59
-60
-70
-67
-63
-69
-61
-64
-70
-68
-64
-64
-66
-62
-61
-67
-69
-69
-74
-69
-61
-69
-73
-72
-77
-80
-76
-70
-64
-45
-30
-29
-31
-25
-15
-4
0
11
18
24
18
1
-14
-23
-29
-40
-38
-48
-57
-65
-77
-86
-97
-94
-99
-99
-92
-92
-95
-92
-87
-88
-84
-82
-79
-88
-84
-84
-88
-85
-80
-78
-73
-53
-39
-36
-46
-57
-13
96
204
211
49
-89
-117
-72
-43
-117
-162
-172
-148
-124
-98
-68
-51
-54
-53
-43
-36
-40
-36
-31
-30
-29
-22
-23
-21
-19
-15
-16
-15
-14
-16
-20
-16
-19
-24
-22
-24
-31
-29
-30
-33
-39
-37
-36
-40
-37
-37
-45
-44
-37
-44
-52
-48
-46
-50
-42
-41
-40
-37
-25
-28
-22
-12
-16
-15
-14
-10
-12
-16
-9
-14
-16
-13
-9
-16
-16
-13
-12
-19
-19
-20
-24
-24
-22
-23
-23
-24
-27
-30
-25
-30
-32
-38
-31
-34
-36
-32
-31
-38
-31
-28
-30
-27
-18
-17
-15
6
20
18
16
30
44
49
56
67
62
54
50
39
29
14
6
-5
-8
-11
-28
-42
-45
-51
-56
-51
-47
-50
-49
-43
-43
-44
-37
-36
-39
-36
-31
-37
-39
-34
-33
-38
-33
-30
-24
-10
5
-1
-31
-12
71
144
200
174
15
-127
-150
-91
-64
-124
-125
-108
-80
-59
-33
-13
-1
8
5
4
13
15
23
24
25
24
34
40
37
36
36
40
38
37
39
34
33
34
27
29
36
41
33
27
28
25
15
17
19
10
8
15
13
13
16
18
7
10
20
16
20
26
30
25
29
39
32
34
42
37
38
38
37
26
27
29
25
25
26
22
8
15
14
9
6
11
6
0
2
7
0
1
2
0
-4
1
-4
-6
-7
-1
-10
-7
-1
-7
-11
-7
-1
-1
4
20
37
38
43
42
62
83
87
90
93
97
83
66
56
45
33
21
23
16
-2
-11
-25
-36
-39
-37
-43
-43
-39
-38
-39
-30
-25
-30
-31
-21
-26
-31
-25
-20
-28
-26
-25
-32
-24
1
20
14
-11
-26
13
94
172
163
-3
-143
-174
-112
-63
-122
-139
-125
-88
-60
-31
1
15
14
22
29
26
28
31
35
35
36
41
41
45
52
50
44
48
43
41
42
43
42
38
42
39
33
38
34
31
34
32
22
22
28
28
20
22
24
21
15
23
22
18
27
29
23
32
43
40
38
40
37
45
48
43
36
40
40
36
32
32
27
19
25
22
14
16
16
11
11
16
8
2
0
-1
-7
-2
2
-5
-6
-5
-7
-9
-6
-9
-17
-14
-11
-8
-4
7
14
25
43
49
43
50
75
72
79
82
77
66
60
55
35
16
10
-2
-2
-8
-24
-36
-40
-50
-50
-51
-50
-51
-52
-50
-52
-52
-40
-44
-44
-35
-45
-51
-46
-46
-50
-54
-42
-27
-15
-15
-36
-28
59
150
208
190
27
-116
-126
-56
-70
-132
-133
-107
-96
-68
-36
-27
-16
-15
-11
-9
-4
-10
-11
-10
-4
-4
-4
0
-1
-2
9
4
7
6
-1
-12
-5
-6
-14
-16
-14
-20
-20
-14
-22
-24
-27
-24
-32
-30
-37
-45
-44
-32
-34
-44
-42
-46
-44
-41
-42
-44
-30
-30
-41
-31
-27
-29
-30
-23
-21
-26
-20
-26
-32
-39
-37
-38
-44
-40
-43
-53
-48
-52
-53
-40
-42
-54
-56
-46
-51
-53
-49
-54
-60
-48
-50
-57
-56
-47
-52
-54
-48
-54
-50
-25
-18
-12
-18
-11
-3
14
30
29
31
28
16
15
1
-21
-33
-35
-36
-50
-62
-79
-88
-86
-84
-88
-92
-84
-86
-88
-81
-79
-78
-76
-71
-73
-74
-73
-80
-73
-68
-62
-57
-34
-22
-41
-40
30
146
260
218
35
-85
-92
-30
-57
-135
-161
-144
-108
-85
-56
-43
-38
-37
-32
-23
-36
-32
-22
-24
-17
-12
-16
-18
-12
-11
-15
-12
-10
-14
-16
-7
-13
-16
-15
-22
-31
-26
-27
-31
-26
-28
-40
-42
-36
-51
-46
-45
-45
-47
-48
-50
-50
-41
-33
-43
-34
-33
-28
-26
-16
-23
-20
-20
-19
-20
-14
-17
-18
-17
-24
-28
-25
-20
-24
-25
-19
-21
-24
-19
-24
-27
-23
-26
-32
-24
-22
-23
-25
-22
-28
-29
-22
-31
-29
-22
-21
-22
-16
-5
3
20
30
26
34
54
59
58
65
64
57
55
51
25
2
0
-2
-13
-23
-36
-42
-38
-38
-45
-47
-35
-38
-33
-24
-30
-32
-30
-25
-30
-20
-15
-24
-24
-13
-20
-24
0
19
12
-9
-8
63
157
228
201
28
-107
-121
-53
-69
-122
-116
-84
-58
-33
1
17
17
24
31
31
32
40
41
40
46
47
46
46
52
51
57
61
56
55
58
51
50
52
50
40
42
50
44
38
41
36
40
44
36
29
36
34
27
25
34
31
31
41
39
41
53
55
53
57
66
60
57
62
59
50
55
49
44
52
51
44
39
39
31
34
36
35
31
33
33
23
21
22
17
17
19
20
13
20
17
14
20
19
15
21
18
15
13
27
31
38
69
75
75
81
97
109
119
121
117
107
105
100
77
63
47
36
44
36
11
-2
3
-10
-14
-8
-7
-12
-5
4
-1
2
8
1
-4
7
1
0
8
13
5
4
12
28
41
45
8
0
69
147
200
200
47
-114
-153
-87
-58
-104
-95
-69
-45
-13
24
39
46
56
59
58
63
67
69
75
79
72
82
91
89
82
88
88
79
79
81
78
81
87
83
68
75
76
68
65
67
62
57
62
58
54
65
57
55
58
61
58
58
65
62
56
64
66
61
74
77
70
69
73
72
64
70
70
57
59
56
48
49
49
42
31
33
35
27
22
24
23
17
20
19
9
10
7
-2
0
2
-1
-4
-2
-8
-10
-9
-8
-15
-6
-4
-8
-8
1
14
28
40
42
43
61
81
79
79
74
71
58
48
37
19
-3
-1
-5
-25
-33
-48
-52
-63
-63
-68
-69
-67
-64
-67
-58
-51
-58
-63
-59
-60
-67
-68
-60
-67
-64
-59
-60
-57
-42
-20
-20
-48
-56
-24
57
150
187
44
-113
-160
-112
-63
-128
-159
-158
-125
-106
-86
-56
-38
-40
-43
-33
-29
-35
-29
-22
-27
-20
-5
-14
-16
-20
-16
-27
-30
-25
-23
-23
-21
-18
-22
-15
-14
-22
-22
-19
-27
-39
-41
-45
-53
-52
-46
-47
-53
-53
-49
-58
-62
-62
-60
-52
-49
-52
-57
-50
-53
-51
-47
-40
-43
-42
-40
-35
-40
-48
-42
-45
-40
-37
-41
-53
-48
-41
-43
-51
-53
-54
-61
-59
-57
-57
-52
-54
-56
-61
-53
-51
-54
-57
-57
-59
-62
-59
-58
-62
-55
-57
-56
-57
-60
-51
-39
-25
-20
-18
-6
11
21
22
28
26
24
16
14
-2
-23
-34
-45
-43
-50
-63
-81
-91
-91
-97
-100
-94
-87
-93
-93
-86
-93
-92
-85
-86
-86
-81
-74
-81
-84
-83
-86
-87
-79
-63
-44
-23
-36
-47
5
106
204
276
208
37
-81
-76
-35
-106
-155
-160
-143
-127
-101
-64
-54
-58
-54
-46
-45
-41
-37
-44
-33
-28
-30
-27
-23
-21
-27
-23
-18
-22
-18
-19
-18
-23
-19
-20
-28
-24
-19
-29
-34
-32
-35
-42
-40
-38
-47
-46
-50
-48
-56
-49
-43
-46
-46
-46
-44
-45
-33
-30
-31
-25
-24
-24
-22
-16
-19
-18
-11
-14
-16
-12
-15
-16
-16
-17
-22
-25
-27
-21
-20
-20
-18
-24
-28
-22
-28
-31
-27
-28
-29
-28
-31
-32
-34
-31
-30
-40
-32
-28
-31
-34
-29
-26
-21
-8
9
18
28
27
31
46
66
68
63
62
62
56
49
33
8
-1
1
-5
-18
-28
-38
-44
-48
-45
-48
-46
-41
-37
-42
-37
-34
-42
-40
-32
-27
-37
-24
-27
-32
-28
-26
-28
-14
10
22
4
-18
-15
62
158
216
123
-60
-145
-115
-46
-78
-132
-122
-97
-67
-42
-7
16
16
14
26
30
29
35
43
41
38
44
52
49
51
55
51
58
63
55
53
59
55
45
48
51
41
41
42
36
36
42
30
35
32
38
30
28
34
33
31
39
33
31
38
40
45
44
52
53
52
55
53
56
60
53
47
54
51
48
51
53
47
43
47
43
38
41
35
25
30
37
29
22
27
25
20
19
19
15
21
26
18
19
22
15
17
20
23
23
31
40
53
74
87
83
86
99
112
120
125
121
105
101
93
74
61
56
44
42
32
12
-3
0
-7
-8
0
1
-4
-2
2
2
0
8
10
4
9
7
4
4
6
2
0
12
31
39
32
0
30
134
211
193
24
-124
-183
-124
-41
-91
-104
-75
-47
-17
20
40
40
47
54
53
54
61
58
64
71
72
70
77
75
69
77
79
70
77
82
73
72
74
63
63
66
59
52
58
53
45
50
49
40
38
45
38
37
42
41
31
40
42
37
38
44
38
37
39
39
39
47
43
40
40
35
31
25
23
22
20
19
11
14
16
12
8
10
4
-7
0
2
-8
-3
1
-11
-19
-16
-17
-19
-12
-16
-23
-29
-29
-31
-23
-12
-3
3
22
31
30
36
38
52
75
76
63
56
61
51
45
27
11
-7
-2
-9
-27
-40
-42
-52
-48
-47
-62
-62
-54
-51
-53
-46
-56
-58
-55
-49
-50
-44
-46
-52
-49
-42
-46
-27
0
-4
-31
-11
92
204
263
153
-26
-115
-90
-31
-73
-124
-138
-119
-95
-64
-31
-19
-15
-23
-17
-14
-14
-14
-7
-9
-7
-5
-10
-3
6
3
6
9
7
-1
0
-1
-6
-8
-9
-18
-17
-11
-16
-23
-21
-22
-33
-34
-40
-51
-40
-33
-38
-49
-40
-46
-53
-47
-42
-37
-32
-29
-32
-25
-20
-21
-20
-16
-21
-26
-20
-18
-26
-25
-28
-35
-38
-37
-36
-37
-32
-32
-33
-28
-37
-42
-39
-37
-41
-37
-27
-31
-45
-49
-45
-39
-34
-42
-51
-46
-41
-39
-45
-30
-31
-18
-10
-1
-9
8
27
27
34
32
22
23
21
14
-5
-18
-25
-37
-44
-64
-78
-84
-87
-90
-83
-77
-76
-78
-67
-74
-78
-74
-76
-76
-71
-71
-81
-76
-68
-69
-70
-60
-44
-28
-32
-44
-22
79
205
284
192
15
-75
-44
-29
-117
-155
-154
-126
-112
-82
-48
-47
-46
-33
-37
-36
-24
-29
-31
-23
-18
-18
-13
-4
-13
-11
-5
-7
-11
-7
-6
-12
-8
-9
-13
-17
-9
-19
-28
-24
-28
-38
-32
-34
-41
-39
-31
-39
-41
-34
-37
-45
-39
-37
-38
-30
-28
-29
-18
-17
-12
-8
-4
-3
-10
-8
-2
-5
-10
-3
-8
-4
3
-2
-11
-7
-3
-15
-10
-8
-10
-12
-10
-15
-17
-16
-14
-15
-18
-16
-20
-22
-19
-17
-21
-14
-22
-23
-19
-14
-14
-8
5
20
30
44
44
53
73
79
77
74
75
70
58
51
28
10
8
3
-8
-15
-31
-41
-42
-39
-36
-39
-33
-32
-37
-30
-25
-34
-30
-20
-27
-28
-27
-27
-25
-23
-21
-22
-9
5
13
-10
-32
-21
50
146
211
120
-57
-138
-112
-51
-93
-128
-116
-83
-66
-41
-16
10
16
14
23
28
22
32
36
34
34
40
44
40
40
45
44
45
47
41
44
46
43
35
38
40
31
31
30
25
19
21
17
19
19
21
19
23
20
20
20
21
21
14
19
26
28
32
36
40
37
38
42
40
33
38
36
34
32
33
27
27
28
21
20
16
23
10
12
9
5
3
8
3
5
6
3
-7
-8
0
-6
-8
0
-3
-6
-5
-1
-10
-7
-2
-3
-9
0
11
17
33
47
48
53
74
79
87
93
93
87
81
81
67
47
30
19
11
11
3
-23
-33
-31
-33
-45
-39
-39
-34
-30
-28
-26
-28
-25
-28
-26
-20
-22
-29
-34
-24
-25
-32
-20
-12
4
16
-2
-33
-8
78
149
194
154
-14
-149
-173
-93
-78
-137
-128
-97
-79
-54
-14
6
8
15
19
15
20
32
32
31
37
34
35
43
45
46
43
49
48
45
48
42
34
34
30
24
15
24
22
16
12
10
2
7
10
5
2
11
3
-1
-2
2
-4
-4
-1
-4
-5
1
1
0
1
4
7
1
6
7
2
2
2
0
-6
-1
-10
-22
-25
-23
-28
-38
-36
-36
-44
-44
-41
-53
-46
-38
-44
-52
-50
-54
-54
-46
-42
-54
-58
-58
-62
-62
-57
-53
-63
-63
-54
-56
-59
-51
-40
-26
-14
-11
-15
0
17
19
22
26
17
11
10
0
-27
-45
-47
-53
-67
-78
-87
-100
-100
-100
-98
-95
-98
-108
-110
-103
-97
-97
-98
-96
-101
-104
-99
-98
-98
-94
-93
-100
-98
-75
-58
-49
-62
-69
-32
59
156
196
64
-86
-136
-106
-78
-156
-186
-195
-171
-143
-116
-84
-73
-73
-66
-63
-68
-62
-61
-62
-65
-62
-56
-58
-57
-47
-48
-53
-53
-57
-64
-61
-61
-61
-64
-57
-61
-77
-71
-75
-78
-73
-73
-90
-95
-89
-87
-91
-99
-93
-100
-99
-96
-98
-96
-105
-107
-103
-88
-86
-93
-96
-83
-86
-81
-78
-78
-78
-76
-79
-89
-82
-84
-87
-91
-82
-86
-92
-82
-84
-85
-91
-95
-96
-91
-87
-89
-81
-77
-74
-85
-85
-83
-88
-81
-82
-82
-87
-81
-91
-95
-91
-91
-92
-82
-79
-78
-68
-54
-52
-43
-33
-23
-14
-5
3
-8
-6
-9
-24
-37
-48
-66
-77
-72
-78
-93
-98
-107
-110
-110
-101
-108
-106
-112
-110
-111
-105
-101
-107
-104
-101
-104
-103
-105
-106
-107
-96
-90
-80
-61
-49
-63
-54
29
148
245
194
10
-102
-86
-29
-65
-149
-166
-166
-140
-116
-88
-74
-67
-62
-65
-52
-49
-55
-57
-49
-49
-45
-35
-35
-37
-32
-32
-41
-32
-33
-36
-41
-38
-36
-38
-38
-39
-45
-45
-46
-49
-51
-47
-46
-54
-56
-56
-62
-61
-60
-66
-64
-57
-60
-58
-57
-49
-51
-44
-39
-39
-33
-25
-28
-28
-21
-25
-26
-20
-26
-34
-29
-28
-32
-30
-29
-33
-32
-30
-28
-37
-31
-33
-40
-37
-39
-43
-38
-35
-41
-38
-36
-39
-45
-41
-39
-40
-36
-41
-44
-43
-41
-43
-41
-24
-24
-14
4
16
2
2
20
26
33
46
56
56
49
29
20
13
4
-3
-3
-12
-31
-42
-49
-64
-65
-55
-56
-56
-50
-49
-50
-44
-40
-45
-39
-42
-44
-46
-34
-34
-40
-36
-31
-24
0
3
-21
-19
63
149
223
212
54
-115
-152
-80
-64
-120
-119
-100
-76
-49
-12
-4
11
16
11
20
19
19
30
32
28
38
41
40
41
50
49
43
48
42
40
46
49
43
46
48
38
36
37
32
31
35
29
27
33
31
23
31
37
29
28
36
35
34
44
37
38
47
54
50
61
65
61
55
58
49
47
50
46
40
44
40
35
40
41
35
28
30
30
22
30
27
16
19
18
16
16
14
14
11
13
11
13
13
7
11
13
11
12
18
28
35
56
64
63
54
65
77
85
91
104
109
114
99
73
62
53
36
38
36
20
7
4
-4
-20
-20
-21
-21
-18
-14
-15
-16
-7
-10
-12
0
-2
-7
-8
-10
-13
-14
-8
-6
1
25
24
-5
-29
5
93
179
174
8
-140
-155
-81
-62
-120
-114
-90
-64
-41
-11
9
22
26
