-127
-108
-79
-57
-54
-60
-62
-68
-66
-56
-59
-52
-51
-49
-55
-58
-62
-53
-44
-48
-56
-58
-54
-52
-54
-60
-55
-43
-40
-45
-49
-50
-42
-38
-34
-35
-30
-19
-21
-24
-20
-18
-12
-15
-14
-7
1
6
9
14
23
25
28
34
35
44
51
49
44
51
56
57
54
47
47
50
54
54
53
53
51
51
41
34
32
30
19
12
7
5
9
4
-6
-9
-7
-11
-20
-19
-12
-10
-8
-11
-16
-13
-13
-11
-8
-6
-5
-8
-16
-16
-10
-4
1
-1
-3
3
7
1
-1
-4
8
4
4
6
7
7
11
9
1
-5
-3
2
0
-5
-3
-1
-6
-9
-6
-5
-3
-8
-15
-19
-11
-11
-16
-22
-21
-13
-12
-10
-15
-12
-16
-21
-21
-19
-13
-13
-19
-20
-17
-13
-13
-19
-24
-19
-11
-12
-14
-14
-9
-12
-16
-23
-23
-7
4
8
11
9
22
35
36
34
38
39
23
10
10
16
8
-1
-10
-25
-24
-25
-24
-27
-33
-26
-30
-26
-23
-22
-29
-36
-40
-36
-34
-39
-33
-7
70
176
285
357
337
206
54
-99
-140
-116
-82
-53
-45
-43
-38
-32
-33
-38
-40
-37
-34
-34
-35
-41
-43
-42
-39
-40
-36
-31
-31
-36
-37
-31
-33
-33
-32
-26
-25
-19
-22
-28
-22
-22
-18
-11
-13
-12
-6
-2
4
12
17
14
6
8
17
32
38
42
44
46
50
54
57
56
67
72
71
68
66
71
74
72
72
79
86
77
68
58
46
43
39
28
21
23
18
11
3
6
4
-1
-4
-10
-15
-9
-9
-18
-24
-21
-13
-12
-19
-18
-15
-2
-4
-2
-11
-6
-5
-3
-6
-5
0
-1
-2
5
1
0
-4
-11
-7
3
5
-1
-7
-11
-2
-5
-13
-15
-15
-12
-5
-6
-12
-15
-25
-28
-22
-17
-11
-10
-22
-38
-45
-38
-38
-37
-28
-23
-21
-23
-31
-32
-35
-33
-37
-30
-29
-28
-29
-31
-41
-39
-31
-29
-35
-38
-31
-28
-29
-35
-29
-30
-22
0
19
29
25
14
0
6
6
0
-22
-24
-24
-38
-50
-53
-48
-43
-41
-42
-44
-52
-50
-52
-58
-56
-49
-36
-34
-48
-53
-30
34
132
241
327
309
168
31
-84
-108
-82
-72
-71
-70
-69
-63
-60
-60
-62
-56
-49
-55
-56
-58
-53
-52
-58
-63
-62
-60
-59
-54
-48
-47
-41
-49
-61
-67
-59
-42
-36
-50
-56
-47
-48
-50
-50
-43
-39
-17
-12
-24
-27
-31
-40
-35
-33
-16
-6
-6
-2
7
19
26
22
28
33
32
31
36
36
38
40
32
41
49
49
38
28
24
20
13
4
-3
2
-3
-2
-10
-9
-9
-21
-35
-43
-24
-23
-53
-78
-84
-63
-50
-45
-48
-48
-15
0
-30
-66
-51
-22
-12
-21
-3
-1
-52
-102
-90
-41
-10
-19
-39
-71
-64
-48
-27
-40
-70
-77
-75
-71
-68
-56
-22
-8
-46
-68
-58
-31
-48
-74
-41
-6
-47
-97
-97
-88
-85
-75
-88
-72
-71
-88
-71
-63
-100
-111
-84
-87
-94
-96
-98
-82
-57
-44
-60
-75
-46
-54
-85
-70
-66
-91
-101
-83
-72
-92
-96
-58
-34
-48
-67
-48
10
16
-8
-25
-49
-72
-68
-63
-46
-56
-85
-97
-85
-68
-72
-88
-90
-94
-106
-82
-56
-76
-102
-98
-75
-77
-106
-117
-67
7
78
151
261
318
220
63
-103
-199
-212
-181
-147
-117
-104
-97
-93
-95
-91
-77
-80
-95
-100
-99
-92
-108
-114
-82
-77
-116
-114
-79
-70
-101
-120
-126
-118
-99
-86
-101
-121
-120
-100
-77
-83
-101
-104
-102
-95
-85
-75
-66
-64
-66
-52
-32
-11
3
-9
-22
-20
-29
-60
-57
-23
-1
9
26
16
11
28
19
0
-22
-10
-4
17
29
15
0
1
11
1
-19
-19
-10
-5
-12
-17
-34
-66
-78
-81
-97
-87
-66
-66
-94
-121
-120
-87
-80
-80
-86
-92
-73
-63
-70
-83
-88
-70
-59
-42
-36
-43
-64
-70
-67
-72
-83
-79
-69
-75
-97
-97
-80
-67
-59
-38
-43
-81
-88
-67
-42
-34
-71
-102
-92
-67
-68
-80
-77
-50
-40
-67
-108
-94
-92
-87
-78
-78
-85
-94
-88
-48
-32
-68
-78
-64
-90
-112
-97
-95
-113
-100
-86
-95
-95
-84
-72
-79
-93
-96
-79
-74
-78
-92
-95
-90
-85
-73
-56
-60
-48
-31
-34
-63
-75
-80
-57
-24
-30
-49
-59
-58
-49
-39
-49
-70
-69
-62
-52
-55
-84
-108
-88
-78
-87
-111
-101
-90
-98
-111
-105
-90
-86
-78
-60
-37
35
155
277
330
262
104
-64
-159
-145
-147
-143
-120
-85
-80
-94
-94
-96
-107
-111
-92
-84
-76
-87
-104
-99
-73
-59
-65
-83
-105
-102
-95
-88
-74
-68
-77
-73
-59
-58
-64
-75
-78
-92
-105
-99
-67
-53
-67
-67
-51
-49
-58
-51
-37
-24
-8
-5
-22
-26
-24
7
24
9
4
14
17
14
21
49
90
85
52
18
13
26
47
46
41
31
25
9
-7
-4
23
3
-48
-54
-35
-30
-35
-38
-31
-33
-46
-49
-58
-65
-45
-30
-29
-38
-40
-35
-42
-54
-71
-78
-74
-68
-78
-96
-108
-102
-99
-111
-103
-77
-69
-73
-80
-67
-46
-39
-43
-47
-45
-15
-2
-8
-21
-40
-40
-17
-25
-28
17
81
150
261
327
250
63
-106
-188
-144
-106
-59
-35
-53
-47
-26
-39
-58
-60
-48
-45
-56
-58
-53
-49
-40
-34
-38
-49
-65
-67
-52
-33
-17
-7
-14
-32
-49
-42
-33
-49
-60
-47
-14
-17
-41
-48
-38
-23
-19
-22
-19
12
17
-11
-26
-5
11
17
23
24
5
11
48
52
44
49
37
26
28
52
76
81
75
71
38
4
-5
7
17
7
-9
-21
-21
-11
-18
-26
-43
-52
-32
-27
-51
-67
-63
-53
-46
-43
-45
-49
-22
1
-14
-43
-60
-48
-43
-26
-18
-44
-43
-31
-45
-66
-64
-48
-29
-19
-32
-52
-51
-30
-14
-24
-38
-54
-24
-10
-25
-55
-54
-34
-36
-46
-46
-36
-35
-49
-55
-40
-31
-42
-49
-53
-56
-57
-46
-34
-31
-35
-59
-67
-46
-33
-55
-66
-56
-28
-12
-36
-64
-68
-53
-36
-37
-41
-43
-40
-57
-80
-88
-61
-33
-34
-48
-48
-50
-48
-43
-37
-45
-40
-43
-44
-53
-53
-32
-23
-42
-50
-39
-40
-59
-76
-74
-50
-34
-19
-34
-48
-65
-58
-59
-52
-47
-48
-44
-48
-75
-87
-64
-55
-47
-33
-34
-47
-51
-64
-70
-51
-47
-55
-43
-30
-39
-57
-72
-52
-31
-33
-56
-60
-51
-54
-63
-70
-74
-68
-45
-37
-37
-50
-65
-71
-60
-51
-54
-64
-56
-54
-38
-30
-25
-31
-54
-54
-15
18
22
7
11
28
17
-24
-57
-53
-26
16
-2
-69
-96
-58
-44
-37
-33
-72
-86
-50
-32
-61
-96
-79
-58
-63
-56
0
107
215
325
378
290
132
-17
-121
-128
-125
-121
-77
-58
-46
-22
-47
-101
-95
-55
-51
-78
-96
-88
-90
-82
-83
-77
-67
-58
-42
-26
-43
-91
-105
-72
-55
-64
-63
-61
-79
-72
-58
-32
-30
-30
-37
-45
-42
-39
-48
-50
-48
-44
-39
-15
-6
-8
-18
-18
1
13
3
14
37
25
15
9
17
14
14
33
34
1
13
40
22
2
27
54
67
58
48
50
28
2
4
23
4
-18
-21
-21
-37
-34
-7
6
-13
-42
-52
-25
9
11
-2
-31
-58
-56
-32
-26
-24
-19
-5
8
21
2
-28
-42
-24
11
19
3
-16
-27
-16
-2
8
-7
-54
-90
-82
-52
-39
-49
-78
-87
-67
-39
-30
-45
-42
-33
-30
-18
-3
-18
-20
-24
-26
-38
-57
-30
23
97
185
302
355
245
102
-47
-138
-113
-68
-32
-40
-58
-60
-65
-69
-64
-62
-52
-30
-17
-49
-79
-68
-18
-25
-65
-68
-34
-14
-38
-64
-70
-41
-40
-59
-47
-54
-46
-27
-41
-46
-50
-42
-38
-22
-18
-26
-18
-1
5
-3
-11
-23
-15
-9
2
-5
-9
17
17
11
28
44
29
1
0
16
34
42
32
6
13
28
47
38
-3
-22
-27
-40
-46
-17
-1
-39
-76
-72
-55
-42
-59
-80
-84
-80
-83
-64
-52
-47
-60
-71
-62
-63
-88
-105
-91
-59
-37
-48
-80
-88
-92
-87
-67
-73
-68
-36
-24
-56
-88
-80
-74
-75
-85
-87
-72
-57
-48
-40
-58
-71
-81
-73
-51
-63
-72
-90
-86
-90
-89
-88
-74
-57
-58
-78
-85
-84
-82
-71
-62
-51
-65
-91
-88
-26
-32
-94
-101
-74
-74
-74
-67
-26
-23
-66
-86
-80
-81
-90
-94
-70
-64
-74
-68
-47
-40
-74
-110
-87
-65
-57
-79
-107
-98
-84
-83
-95
-85
-72
-70
-79
-74
-64
-61
-70
-77
-69
-62
-66
-54
-25
-23
-51
-78
-79
-58
-47
-45
-82
-105
-94
-68
-59
-66
-61
-54
-57
-78
-81
-30
-33
-84
-73
-43
-50
-95
-93
-57
-52
-63
-44
-69
-95
-89
-73
-78
-96
-110
-88
-73
-77
-82
-68
-61
-54
-54
-61
-70
-54
-32
0
-22
-71
-78
-37
-36
-70
-66
-18
34
63
20
-42
-62
-26
-15
-42
-77
-77
-55
-62
-90
-87
-75
-87
-94
-88
-66
-49
-33
-33
-66
-90
-97
-96
-83
-52
-13
73
207
327
379
337
160
-63
-191
-170
-132
-129
-114
-92
-69
-65
-97
-104
-91
-75
-61
-91
-125
-98
-74
-88
-93
-83
-79
-90
-99
-89
-74
-87
-125
-110
-94
-87
-82
-95
-127
-128
-92
-62
-83
-106
-91
-71
-39
-13
-52
-88
-58
-38
-53
-56
-17
-7
-50
-52
-21
-24
-39
-23
-15
-15
-11
-2
-5
-16
14
37
13
8
38
57
24
-24
-8
24
23
1
6
28
26
4
5
-10
-35
-46
-28
-30
-38
-40
-49
-27
-27
-51
-72
-61
-22
-9
-58
-85
-71
-30
-13
-51
-84
-81
-62
-54
-39
-36
-40
-40
-48
-49
-33
-47
-55
-54
-45
-46
-49
-88
-104
-110
-99
-83
-62
-55
-59
-45
-22
-32
-28
-32
-37
-23
-6
-3
-25
-66
-87
-76
-8
102
236
314
239
62
-60
-156
-144
-103
-64
-42
-41
-48
-56
-64
-80
-73
-57
-56
-56
-55
-59
-58
-63
-53
-49
-49
-38
-30
-42
-57
-43
-12
-33
-68
-83
-60
-25
-45
-85
-85
-60
-31
0
-11
-48
-64
-38
-32
-30
-24
-11
-2
-9
2
2
-12
-24
-21
-8
19
39
43
29
21
36
58
53
33
31
37
32
45
71
55
10
0
13
26
-1
-34
-47
-43
-36
-20
-21
-52
-72
-77
-36
-11
-26
-61
-100
-106
-78
-60
-55
-59
-59
-69
-60
-29
-17
-30
-44
-54
-52
-64
-85
-91
-73
-72
-87
-78
-65
-52
-37
-47
-64
-75
-67
-66
-52
-32
-36
-57
-59
-44
-36
-41
-58
-76
-82
-76
-82
-81
-66
-64
-80
-83
-74
-79
-89
-82
-69
-61
-64
-76
-68
-66
-70
-69
-65
-74
-81
-71
-47
-54
-79
-93
-60
-61
-98
-106
-81
-62
-75
-72
-73
-82
-88
-77
-85
-87
-61
-32
-58
-83
-79
-80
-78
-63
-76
-115
-117
-77
-60
-62
-60
-69
-73
-77
-84
-101
-100
-90
-80
-81
-76
-86
-108
-98
-80
-61
-74
-80
-64
-75
-82
-90
-92
-68
-47
-77
-101
-96
-84
-70
-89
-113
-112
-92
-88
-84
-92
-97
-101
-97
-90
-71
-64
-65
-86
-102
-95
-107
-105
-89
-54
-31
-69
-115
-113
-92
-82
-65
-72
-74
-46
-10
-10
-35
-40
-30
-28
-29
-53
-65
-67
-58
-74
-89
-87
-78
-91
-107
-92
-75
-64
-78
-89
-88
-86
-75
-78
-95
-103
-56
45
163
287
380
372
211
35
-113
-145
-128
-139
-121
-91
-73
-69
-79
-84
-100
-109
-99
-102
-116
-113
-86
-71
-67
-92
-112
-109
-92
-82
-95
-105
-116
-116
-108
-90
-84
-93
-101
-102
-102
-105
-96
-81
-66
-72
-83
-63
-31
-28
-53
-70
-57
-56
-52
-20
-4
-31
-62
-52
-22
-8
-9
-24
-13
20
1
-32
-22
13
15
14
6
5
-13
-4
4
23
21
7
0
8
7
11
10
2
-17
-27
-31
-36
-44
-48
-55
-51
-55
-57
-67
-54
-36
-53
-70
-48
-30
-44
-48
-46
-54
-57
-47
-47
-56
-52
-38
-36
-28
-23
-24
-19
-25
-29
-28
-31
-31
-8
-9
-31
-59
-86
-91
-73
-85
-109
-108
-77
-68
-60
-22
-7
-16
-2
-12
-58
-74
-51
-53
-65
-63
-43
-5
92
220
337
394
320
150
-22
-146
-135
-96
-70
-46
-48
-73
-91
-77
-74
-68
-43
-45
-57
-70
-55
-60
-80
-72
-50
-60
-67
-68
-48
-48
-63
-71
-44
-18
-26
-52
-76
-78
-56
-48
-48
-54
-56
-52
-37
-36
-39
-31
-28
-25
-15
-3
2
39
49
6
-13
13
28
26
25
14
10
13
23
40
70
79
76
71
46
25
30
31
30
31
34
14
-15
-33
-28
-18
-24
-21
-31
-34
-37
-26
-25
-40
-57
-66
-58
-42
-42
-38
-49
-69
-57
-40
-37
-45
-64
-64
-51
-36
-49
-46
-42
-34
-24
-36
-64
-74
-50
-16
-25
-50
-58
-62
-59
-49
-38
-36
-37
-32
-12
-26
-52
-62
-63
-50
-33
-20
-33
-41
-33
-34
-56
-69
-69
-64
-53
-45
-43
-38
-41
-51
-56
-40
-23
-17
-37
-58
-70
-63
-48
-35
-38
-50
-32
-33
-52
-55
-38
-58
-73
-57
-30
-22
-44
-68
-72
-56
-42
-54
-50
-34
-32
-57
-60
-53
-40
-35
-31
-45
-64
-66
-53
-56
-48
-53
-48
-42
-42
-40
-50
-44
-23
-30
-69
-80
-55
-29
-50
-71
-51
-39
-59
-53
-55
-45
-42
-56
-60
-45
-25
-24
-52
-64
-64
-57
-48
-28
-16
-39
-70
-60
-40
-43
-47
-52
-46
-56
-55
-32
-1
-14
-48
-72
-83
-72
-52
-24
-20
-50
-62
-46
-13
-22
-29
-22
-22
-2
16
22
20
5
-7
-16
-26
-32
-25
-30
-55
-56
-60
-64
-56
-50
-54
-47
-48
-60
-64
-43
-25
-32
-59
-64
-46
24
151
269
358
371
251
61
-76
-156
-121
-71
-59
-72
-86
-82
-70
-68
-64
-57
-67
-89
-94
-83
-72
-49
-46
-49
-58
-83
-86
-84
-90
-89
-80
-53
-49
-62
-80
-92
-77
-59
-64
-61
-66
-62
-50
-32
-32
-60
-58
-42
-38
-17
-19
-20
-10
3
-5
-10
-16
-8
24
31
14
-2
27
51
44
49
46
40
36
49
52
54
54
77
101
86
53
39
62
63
44
30
22
10
15
24
7
-13
-4
5
-7
-19
-16
-18
-11
-13
-31
-50
-54
-49
-32
-10
-6
-24
-42
-40
-25
-24
-21
-16
-8
-10
-15
-12
11
26
-12
-40
-18
-4
-21
-55
-75
-59
-48
-52
-70
-74
-75
-70
-36
-13
-31
-28
-17
-19
-20
-24
-31
-25
-28
-26
-35
-39
-27
-18
4
95
214
339
398
332
183
5
-130
-130
-79
-55
-71
-81
-69
-39
-26
-43
-63
-52
-33
-40
-40
-28
-51
-71
-59
-55
-52
-46
-42
-53
-71
-52
-28
-36
-44
-46
-20
-2
-14
-43
-50
-27
-16
-34
-56
-45
-24
-19
-17
-10
0
-12
-30
-27
-2
23
40
41
35
35
39
16
12
18
44
58
48
37
47
49
47
58
56
53
61
50
37
50
45
-4
-27
-34
-16
-17
-21
-24
-28
-47
-47
-34
-23
-43
-45
-33
-25
-38
-40
-24
-45
-80
-78
-63
-48
-40
-61
-75
-70
-49
-48
-43
-39
-39
-32
-57
-87
-74
-51
-57
-57
-50
-28
-6
-20
-52
-72
-54
-43
-45
-47
-53
-57
-62
-58
-37
-35
-46
-61
-57
-61
-49
-48
-52
-57
-54
-50
-40
-46
-62
-60
-39
-62
-83
-75
-54
-46
-53
-61
-67
-67
-61
-58
-50
-44
-58
-63
-58
-61
-56
-44
-31
-13
-26
-61
-76
-66
-47
-35
-32
-46
-73
-80
-56
-46
-39
-39
-51
-72
-77
-55
-23
-34
-67
-80
-78
-72
-58
-49
-48
-52
-56
-52
-51
-48
-50
-36
-41
-63
-57
-37
-36
-60
-74
-75
-58
-39
-55
-68
-69
-56
-49
-44
-40
-39
-37
-59
-63
-52
-23
-20
-51
-82
-67
-46
-60
-82
-83
-59
-36
-45
-61
-61
-42
-30
-50
-62
-51
-32
-44
-68
-58
-24
-18
-35
-37
-31
-44
-38
-11
-2
-10
0
-4
-19
-32
-30
-31
-33
-28
-34
-49
-65
-79
-75
-72
-59
-45
-49
-59
-57
-36
-41
-57
-49
-37
-48
-36
12
116
248
357
387
278
125
-34
-142
-160
-133
-89
-49
-48
-84
-94
-71
-48
-67
-81
-91
-94
-90
-75
-56
-51
-78
-107
-106
-79
-66
-63
-71
-87
-74
-49
-54
-67
-87
-93
-87
-80
-63
-54
-64
-62
-48
-44
-53
-45
-40
-52
-49
-34
-8
10
23
-6
-43
-46
-6
9
10
8
10
13
19
30
33
24
29
38
47
58
64
62
48
45
54
55
52
48
47
42
31
10
1
10
22
2
-22
-25
-8
-4
-26
-32
-12
-12
-15
-32
-43
-55
-53
-43
-23
-17
-27
-49
-54
-45
-22
-3
0
-8
-14
-23
-27
-42
-29
-11
-5
1
-3
-22
-27
-4
2
-19
-38
-35
-25
-8
-20
-52
-76
-79
-62
-57
-61
-57
-71
-93
-76
-53
-59
-53
-31
-9
0
-38
-71
-55
-24
-5
-19
-40
-56
-31
46
164
278
363
360
227
59
-118
-161
-128
-92
-81
-73
-58
-37
-24
-47
-54
-46
-51
-51
-55
-56
-40
-30
-29
-59
-77
-62
-37
-25
-13
-11
-40
-51
-57
-57
-45
-38
-36
-46
-55
-45
-18
-7
-26
-39
-40
-42
-30
-20
-29
-33
-23
-11
13
9
6
21
36
19
23
35
29
36
38
35
50
56
57
59
55
54
46
41
56
66
50
20
1
-13
-29
-28
-22
-22
-25
-20
-24
-40
-54
-52
-44
-30
-48
-72
-79
-55
-36
-14
-23
-59
-64
-53
-69
-62
-45
-34
-58
-80
-74
-57
-37
-36
-56
-63
-58
-44
-40
-28
-25
-42
-47
-52
-55
-61
-65
-68
-62
-51
-29
-16
-39
-75
-81
-66
-52
-48
-44
-49
-68
-74
-68
-44
-22
-38
-68
-75
-50
-39
-46
-73
-80
-68
-47
-52
-80
-85
-74
-51
-42
-45
-48
-51
-62
-60
-63
-70
-60
-63
-80
-80
-73
-43
-14
-18
-42
-84
-85
-68
-73
-77
-50
-27
-38
-77
-94
-79
-59
-48
-45
-55
-71
-76
-80
-84
-73
-55
-44
-52
-57
-60
-58
-56
-49
-42
-46
-64
-72
-69
-60
-59
-58
-69
-76
-64
-62
-70
-69
-28
-24
-59
-78
-54
-61
-67
-59
-48
-49
-58
-67
-66
-75
-66
-53
-54
-63
-64
-38
-26
-46
-60
-58
-63
-58
-66
-74
-56
-31
-21
-33
-50
-50
-48
-24
15
33
12
12
11
-4
-25
-51
-61
-54
-44
-43
-46
-63
-84
-78
-59
-32
-45
-78
-69
-28
-17
-50
-88
-91
-68
-37
-11
35
133
259
355
364
245
74
-113
-180
-142
-102
-96
-88
-82
-65
-63
-55
-50
-56
-70
-77
-76
-61
-56
-73
-87
-90
-104
-99
-79
-74
-93
-99
-69
-49
-39
-57
-94
-85
-67
-51
-60
-70
-69
-86
-89
-69
-49
-39
-38
-42
-40
-34
-42
-43
-18
-3
-17
-36
-38
-32
-17
18
28
14
18
27
28
6
3
24
46
41
27
40
50
40
23
38
50
43
24
22
18
19
19
2
-28
-39
-33
-37
-56
-62
-62
-82
-107
-96
-64
-51
-55
-76
-104
-88
-69
-63
-51
-31
-28
-26
-20
-17
-20
-2
1
-9
-49
-56
-8
104
244
356
378
262
72
-133
-218
-192
-156
-171
-201
-207
-204
-218
-235
-229
-203
-175
-139
-109
-79
-61
-32
-39
-57
-60
-48
-51
-64
-52
-32
-20
-20
-20
-21
-20
-6
-3
-31
-44
-24
-18
-19
-4
-9
-28
-35
-28
-7
19
22
19
26
44
63
76
62
49
63
67
54
60
90
124
127
106
103
120
131
120
88
80
84
77
63
45
46
53
48
19
3
4
13
-4
-5
-9
-25
-42
-41
-24
-16
-21
-40
-40
-36
-20
-3
-11
-37
-49
-47
-34
-9
-13
-34
-24
-4
-20
-31
-46
-51
-42
-43
-49
-31
-35
-42
-45
-48
-46
-37
-42
-40
-57
-66
-49
-57
-67
-87
-89
-65
-45
-44
-64
-81
-78
-65
-51
-41
-46
-73
-98
-88
-74
-52
-26
-19
-59
-96
-96
-85
-54
-23
-41
-80
-89
-82
-63
-60
-72
-72
-67
-70
-82
-86
-78
-79
-59
-64
-74
-86
-76
-54
-57
-62
-65
-60
-61
-74
-72
-55
-65
-93
-94
-76
-66
-67
-58
-63
-68
-73
-88
-79
-53
-44
-62
-83
-84
-77
-58
-58
-86
-91
-60
-50
-80
-82
-62
-40
-56
-83
-83
-63
-76
-85
-71
-70
-75
-65
-64
-92
-96
-73
-60
-77
-88
-83
-69
-66
-62
-62
-62
-50
-57
-76
-78
-62
-66
-81
-85
-83
-71
-69
-59
-55
-56
-44
-37
-37
-23
-2
-9
-47
-70
-60
-49
-38
-33
-61
-81
-76
-63
-51
-64
-78
-72
-71
-68
-72
-70
-75
-83
-95
-97
-66
-37
5
101
215
324
358
243
84
-87
-182
-179
-151
-118
-86
-82
-69
-74
-98
-96
-76
-75
-88
-105
-103
-100
-92
-82
-93
-91
-91
-81
-84
-86
-89
-91
-101
-100
-77
-88
-102
-94
-70
-54
-44
-61
-87
-96
-67
-58
-64
-64
-48
-44
-60
-52
-26
-23
-29
-40
-27
-10
-18
-19
-29
-43
-36
-11
-2
-11
6
20
-17
-44
-23
-13
-18
-13
-13
-14
-17
-10
-2
-5
-2
-5
-10
-9
2
0
-24
-26
-11
-3
-23
-40
-56
-65
-48
-28
-48
-72
-62
-49
-50
-49
-39
-43
-43
-28
-31
-44
-58
-56
-41
-50
-41
-24
-24
-22
-16
-3
-9
-5
-16
-23
-29
-37
-50
-41
-48
-50
-37
-30
-41
-54
-53
-44
-36
-39
-33
-34
-38
-61
-62
-45
-47
-83
-101
-83
-66
-60
-65
-71
-65
-44
-49
-77
-70
-35
-39
-84
-109
-75
-42
-63
-92
-93
-75
-61
-57
-54
-62
-51
-60
-101
-116
-87
-78
-90
-83
-72
-66
-77
-92
-91
-74
-74
-86
-82
-75
-66
-62
-69
-84
-83
-78
-72
-50
-59
-61
-37
-8
-13
-39
-54
-52
-37
2
-3
-63
-87
-61
-73
-91
-96
-101
-97
-97
-77
-58
-59
-76
-101
-81
-58
-78
-113
-105
-89
-57
-26
36
147
274
337
268
113
-34
-165
-188
-144
-83
-80
-124
-126
-111
-111
-104
-96
-81
-73
-90
-109
-106
-86
-81
-85
-89
-99
-106
-96
-99
-98
-99
-89
-77
-82
-89
-96
-89
-72
-88
-109
-107
-74
-52
-62
-71
-67
-72
-67
-59
-49
-54
-48
-44
-52
-52
-45
-35
-14
-18
-3
20
26
12
-28
-29
-5
4
-12
-12
1
10
11
21
18
2
-1
29
33
1
-9
-5
-34
-50
-45
-38
-30
-38
-48
-48
-27
-26
-59
-87
-86
-76
-56
-75
-72
-64
-69
-77
-88
-87
-67
-57
-35
-26
-73
-93
-73
-49
-31
-34
-56
-77
-71
-50
-26
-31
-50
-49
-26
-61
-94
-88
-58
-33
-33
-34
-40
-49
-83
-111
-99
-64
-69
-83
-76
-53
-57
-74
-76
-62
-44
-59
-84
-66
-50
-62
-83
-82
-64
-77
-89
-85
-77
-50
-41
-48
-68
-110
-117
-87
-68
-70
-63
-66
-58
-64
-77
-73
-40
-26
-60
-88
-96
-99
-93
-63
-77
-110
-108
-80
-61
-69
-90
-87
-71
-62
-86
-94
-72
-30
-24
-43
-30
-14
-34
-62
-63
-43
-12
-13
-41
-55
-64
-78
-114
-117
-100
-85
-88
-99
-89
-84
-94
-93
-88
-63
-57
-66
-71
-82
-87
-57
16
101
191
291
336
236
85
-75
-162
-165
-140
-106
-93
-115
-118
-97
-86
-76
-83
-95
-105
-95
-106
-123
-91
-94
-119
-97
-93
-111
-104
-90
-97
-80
-94
-112
-88
-83
-102
-111
-96
-72
-56
-57
-84
-84
-62
-63
-68
-79
-106
-92
-60
-43
-28
-20
-9
-9
-14
-2
0
-10
-20
-22
5
0
-22
7
24
20
15
23
19
18
29
14
-3
1
24
18
-1
0
9
-5
-16
-2
-19
-32
-49
-61
-78
-63
-57
-60
-63
-101
-138
-133
-115
-100
-95
-84
-84
-92
-84
-68
-87
-84
-69
-64
-46
-36
-20
-14
-13
0
1
-45
-80
-6
157
295
384
382
239
40
-145
-189
-152
-92
-43
-16
-33
-46
-78
-101
-89
-71
-70
-57
-57
-69
-60
-51
-62
-68
-67
-56
-45
-54
-56
-32
-14
-34
-35
-43
-62
-56
-51
-72
-84
-59
-28
-35
-62
-59
-43
-30
-23
-8
13
19
22
8
-34
-29
6
23
29
18
11
0
1
16
47
59
55
43
27
34
61
65
30
15
24
33
25
22
39
11
-42
-60
-48
-29
-26
-43
-38
-19
-23
-35
-45
-35
-20
-46
-69
-62
-31
-9
-17
-38
-21
-1
-11
-46
-42
-35
-54
-57
-20
-18
-44
-56
-29
-15
-25
-51
-67
-59
-42
-17
-13
-33
-44
-53
-43
-53
-64
-52
-31
-26
-37
-73
-78
-65
-24
-12
-25
-44
-54
-61
-74
-84
-74
-59
-43
-53
-61
-64
-54
-28
1
-29
-69
-73
-58
-54
-61
-57
-42
-62
-87
-86
-61
-47
-55
-39
-15
-16
-40
-40
-41
-57
-79
-65
-44
-40
-57
-66
-72
-64
-42
-12
-34
-72
-64
-51
-57
-55
-45
-53
-59
-55
-49
-36
-20
-18
-13
-10
-36
-74
-64
-38
-39
-60
-79
-59
-26
-21
-30
-30
-42
-53
-40
-12
-7
-37
-55
-57
-64
-53
-42
-38
-26
-10
-11
-37
-54
-52
-40
-35
-2
-25
-65
-65
-51
-62
-51
-36
-19
-3
-12
-39
-44
-32
-11
-13
-4
20
38
47
32
36
36
25
2
-7
10
30
3
-24
-43
-32
-24
-49
-69
-43
5
45
2
-60
-76
-33
-13
-29
-54
-43
19
113
180
277
359
341
188
55
-51
-59
-47
-74
-78
-47
-40
-29
-26
-15
-9
-12
-59
-81
-59
-47
-16
-13
-56
-72
-43
-5
3
-32
-50
-43
-43
-40
-64
-80
-59
-21
-22
-41
-37
-30
-43
-35
-48
-60
-53
-32
-11
12
33
14
1
10
4
1
17
1
-7
27
35
0
6
49
25
12
37
37
6
5
42
54
52
47
20
-5
-7
27
65
53
10
-5
9
43
41
10
2
18
-2
-28
-27
-21
-22
-3
-25
-39
-19
-19
-16
5
-11
-46
-35
-52
-61
-52
-37
-27
-1
7
-27
-32
9
21
21
20
-2
-23
-25
-22
-16
-13
-11
1
9
22
26
19
25
35
24
5
-38
-58
-18
10
-9
-15
5
-19
-58
-65
-48
-28
0
7
-45
-83
-66
-47
-31
-19
12
19
-21
-68
-77
-32
-2
0
-15
-44
-61
-48
-59
-47
3
18
-28
-94
-106
-76
-49
-20
-16
-34
-54
-56
-48
-47
-43
-23
-7
-2
-25
-61
-49
-12
0
-11
0
23
26
24
-6
-15
20
20
-14
-49
-42
-62
-78
-57
-50
-60
-80
-95
-85
-55
-45
-53
-54
-47
-40
-24
-25
-20
20
143
284
400
409
268
103
-59
-150
-157
-126
-120
-117
-105
-75
-37
-23
-56
-64
-38
-52
-104
-84
-52
-72
-74
-62
-72
-71
-50
-17
-55
-94
-69
-26
-7
-56
-94
-75
-54
-42
-48
-56
-77
-64
-35
-3
-31
-65
-47
-22
-10
-21
-45
-37
-7
18
22
1
-20
-16
7
17
24
42
63
74
68
50
54
52
29
29
48
67
67
62
49
24
25
40
32
25
21
10
12
15
2
-2
-5
-11
-2
-3
-2
12
-9
-55
-59
-52
-50
-39
-31
-28
-6
-1
-12
-30
-29
-9
21
24
-24
-54
-40
-16
-9
-10
-31
-27
-25
-33
-12
20
10
-9
-9
-6
-17
-28
-26
-28
-26
-9
-4
-10
-19
-22
-11
-16
-28
-28
-10
-2
-6
4
10
-3
-20
-20
-1
3
-18
-45
-62
-56
-47
-37
-25
-27
-28
-22
-14
-7
-8
-9
-10
6
7
-5
-3
-9
-32
-37
-52
-40
-4
0
-23
-49
-46
-42
-45
-40
-15
-7
-11
-4
-6
2
22
41
69
62
23
-1
13
31
40
29
31
18
-25
-74
-60
-24
-9
4
-21
-50
-48
-36
-49
-38
-23
-19
-28
-37
-14
62
109
208
300
395
380
236
76
-86
-125
-77
-46
-35
-38
-36
-42
-42
-20
-22
-27
-35
-40
-44
-26
-24
-14
-11
-27
-26
-18
-22
-38
-43
-21
20
8
-35
-23
10
-8
-39
-39
-30
-15
0
13
15
17
9
30
56
55
29
22
50
52
29
45
78
74
54
73
102
92
85
93
98
115
119
112
127
149
149
143
144
144
139
130
112
99
113
122
125
114
88
82
86
95
80
52
62
92
67
27
31
36
14
11
14
28
50
52
36
40
54
48
32
55
78
47
0
10
45
46
20
11
28
48
54
45
41
48
63
63
28
9
20
49
68
71
52
39
37
14
20
54
70
46
20
14
43
73
36
2
7
12
7
-3
-15
-2
7
11
12
4
0
18
40
23
-4
0
25
34
21
0
-20
-8
14
32
22
24
9
-5
-10
-10
7
38
14
-34
-15
14
6
-11
27
68
37
21
31
46
59
67
30
12
46
56
41
33
17
4
12
26
18
1
-9
11
4
-22
-36
-7
19
34
12
-18
-32
11
53
37
79
203
317
387
342
203
50
-66
-110
-90
-11
16
-38
-64
-24
18
-5
-41
-32
-4
-16
-32
-6
29
41
31
10
-8
-41
-51
-12
7
9
18
4
-23
-7
19
35
19
-20
-23
5
23
27
26
4
3
15
26
45
79
82
68
43
37
51
65
83
85
80
70
87
127
139
120
110
111
111
105
106
102
106
128
131
139
135
135
132
108
99
83
70
73
66
49
44
56
70
59
19
16
44
51
59
37
-5
-18
29
47
17
0
8
15
4
-13
-2
19
33
45
42
31
17
14
28
28
6
10
37
53
40
10
-1
-1
22
46
39
33
60
35
-10
-16
35
67
47
0
-3
5
25
41
45
19
-5
-5
-4
6
4
-6
-17
-11
1
0
3
-11
-5
13
33
11
-15
0
25
1
-44
-45
-21
24
28
-15
-54
-46
-19
-1
-19
-27
-17
-18
-27
-12
-8
-14
-17
9
45
69
84
64
41
25
42
37
-16
-39
-43
-45
-48
-54
-44
-17
-2
-3
-34
-53
-67
-71
-57
-41
-27
-21
-30
-45
-24
41
147
268
364
364
216
66
-61
-93
-63
-53
-71
-59
-31
-10
-10
-28
-39
-71
-78
-37
-7
-37
-56
-54
-62
-68
-44
-35
-50
-48
-35
-46
-48
-40
-52
-53
-26
-6
-17
-36
-42
-46
-31
-36
-49
-43
-27
-31
-26
-36
-38
-5
23
1
-8
0
0
-17
-16
6
23
48
47
31
41
64
58
46
61
70
87
85
50
31
62
95
92
41
8
19
27
19
15
25
17
13
18
16
-19
-36
-23
-24
-32
-34
-29
-48
-64
-61
-55
-49
-31
-20
-36
-32
-22
-27
-54
-52
-26
-16
11
6
-44
-67
-36
-24
-18
-10
-29
-30
-21
-30
-37
-21
-11
-12
-19
-2
1
6
-3
-13
-54
-62
-38
-27
-10
-5
-18
-48
-45
-35
-47
-50
-48
-25
-20
-39
-58
-29
-10
-44
-68
-45
-33
-43
-58
-58
-51
-23
-16
-13
-26
-61
-68
-40
-8
-13
-46
-49
-43
-42
-32
-35
-39
-32
-30
-9
5
0
-5
-4
10
30
33
-3
-21
-1
-17
-47
-67
-76
-81
-68
-76
-80
-56
-48
-61
-68
-43
-27
-46
-83
-91
-86
-51
-18
0
22
90
187
298
340
234
78
-91
-175
-163
-120
-76
-71
-71
-60
-43
-53
-56
-58
-68
-72
-78
-92
-87
-73
-64
-71
-70
-79
-98
-92
-77
-64
-63
-65
-69
-61
-55
-56
-58
-61
-56
-53
-45
-51
-47
-38
-37
-40
-40
-33
-27
-28
-20
-10
-2
3
15
35
37
27
35
40
32
23
43
52
28
11
45
80
67
40
51
66
55
52
44
39
52
43
34
34
24
6
-9
-22
-20
-15
-16
-25
-40
-42
-28
-31
-61
-88
-99
-78
-61
-60
-89
-90
-64
-56
-57
-60
-68
-72
-65
-60
-40
-29
-36
-40
-39
-49
-40
-11
-30
-86
-107
-78
-64
-73
-93
-81
-70
-69
-64
-61
-45
-43
-36
-43
-52
-61
-88
-110
-98
-70
-64
-72
-87
-93
-91
-80
-67
-53
-35
-47
-72
-86
-88
-96
-86
-54
-41
-86
-132
-139
-128
-116
-101
-83
-89
-106
-109
-100
-95
-74
-62
-62
-78
-82
-79
-68
-59
-60
-66
-72
-76
-75
-52
-40
-56
-83
-87
-90
-112
-144
-163
-162
-141
-132
-135
-150
-135
-125
-122
-114
-121
-135
-149
-131
-118
-79
-7
90
190
292
295
145
-2
-172
-230
-197
-178
-164
-148
-151
-150
-128
-125
-147
-149
-148
-138
-145
-163
-165
-156
-160
-155
-155
-146
-141
-141
-137
-137
-139
-136
-138
-140
-147
-147
-141
-144
-161
-148
-120
-127
-144
-163
-151
-132
-126
-115
-108
-98
-111
-103
-92
-78
-84
-82
-82
-72
-75
-70
-54
-43
-41
-43
-30
-25
-6
-8
-16
-15
-15
-14
1
-2
-9
-13
-20
-13
-22
-63
-79
-69
-63
-100
-123
-117
-105
-107
-128
-132
-116
-101
-120
-136
-123
-99
-110
-142
-156
-142
-145
-148
-143
-143
-124
-107
-121
-134
-134
-143
-147
-151
-131
-113
-110
-125
-118
-106
-109
-104
-88
-88
-111
-122
-112
-91
-98
-117
-134
-133
-132
-120
-103
-101
-124
-132
-123
-117
-111
-120
-137
-138
-135
-128
-112
-117
-136
-133
-133
-121
-124
-159
-156
-137
-131
-125
-102
-109
-141
-165
-146
-124
-105
-110
-114
-101
-89
-92
-109
-129
-98
-70
-73
-91
-96
-80
-83
-112
-118
-93
-101
-128
-150
-154
-139
-128
-148
-151
-140
-126
-108
-113
-141
-156
-148
-139
-128
-139
-155
-153
-104
-19
103
244
356
349
187
7
-177
-232
-221
-221
-189
-149
-146
-151
-147
-144
-152
-160
-166
-157
-164
-168
-151
-145
-147
-158
-160
-166
-166
-144
-128
-138
-156
-164
-152
-145
-137
-147
-152
-146
-143
-135
-132
-134
-127
-134
-150
-155
-141
-122
-101
-115
-125
-115
-88
-71
-81
-98
-93
-71
-67
-67
-64
-52
-36
-37
-33
-17
-5
-7
-9
-17
-24
-26
-33
-25
-21
-17
-27
-36
-40
-73
-103
-104
-101
-102
-100
-96
-101
-118
-135
-124
-110
-103
-112
-124
-121
-118
-126
-123
-115
-110
-121
-133
-123
-123
-137
-142
-127
-111
-112
-140
-145
-121
-97
-103
-117
-123
-116
-100
-96
-113
-132
-128
-123
-116
-105
-91
-84
-95
-108
-110
-111
-112
-96
-108
-108
-104
-92
-84
-118
-141
-138
-122
-126
-131
-123
-117
-121
-128
-135
-128
-116
-120
-128
-117
-84
-61
-96
-148
-153
-119
-104
-124
-141
-126
-113
-125
-135
-133
-127
-118
-116
-116
-106
-93
-92
-89
-80
-75
-73
-84
-81
-76
-73
-58
-34
-47
-90
-115
-108
-104
-120
-121
-119
-118
-124
-127
-118
-108
-114
-130
-140
-127
-107
-99
-100
-102
-116
-140
-144
-87
-9
79
178
295
349
240
48
-142
-236
-202
-147
-136
-146
-146
-143
-112
-89
-97
-139
-157
-135
-116
-120
-120
-112
-115
-123
-126
-122
-105
-99
-117
-144
-134
-96
-86
-102
-112
-106
-98
-111
-127
-121
-109
-95
-99
-106
-96
-77
-78
-87
-86
-77
-63
-53
-37
-35
-51
-66
-67
-60
-39
-5
-1
3
7
-2
-2
-1
4
11
24
45
43
24
10
14
26
34
19
0
-10
-11
-11
-20
-30
-47
-62
-61
-53
-55
-60
-61
-59
-85
-97
-93
-82
-78
-73
-68
-78
-83
-82
-87
-93
-82
-77
-68
-71
-75
-83
-83
-78
-73
-73
-77
-66
-57
-68
-79
-71
-62
-58
-68
-80
-80
-56
-47
-68
-76
-74
-85
-92
-77
-73
-66
-74
-83
-88
-71
-60
-68
-85
-90
-82
-84
-95
-87
-60
-61
-76
-96
-100
-98
-84
-63
-61
-73
-90
-93
-92
-92
-92
-83
-71
-72
-88
-100
-86
-73
-72
-83
-87
-92
-96
-96
-73
-50
-44
-63
-71
-51
-24
-23
-38
-49
-51
-43
-52
-74
-71
-67
-67
-77
-82
-83
-80
-84
-87
-106
-110
-107
-94
-94
-89
-91
-90
-92
-93
-84
-74
-45
17
119
247
341
325
154
-24
-152
-164
-155
-155
-137
-101
-72
-78
-102
-107
-84
-84
-105
-108
-111
-121
-113
-109
-114
-106
-85
-77
-97
-119
-102
-82
-79
-92
-92
-74
-62
-52
-72
-112
-124
-95
-80
-83
-84
-77
-58
-45
-71
-88
-56
-42
-43
-32
-16
-26
-36
-29
-21
-22
-12
-10
-15
-13
25
58
54
55
56
25
10
37
84
84
29
8
35
39
38
23
-4
-29
-36
-24
-15
-20
-6
1
-51
-82
-81
-74
-43
-33
-70
-56
-39
-75
-93
-84
-65
-42
-44
-57
-75
-98
-78
-63
-50
-49
-47
-53
-62
-56
-35
-23
-67
-92
-76
-65
-59
-47
-36
-40
-48
-47
-54
-50
-46
-28
-55
-84
-66
-53
-48
-53
-68
-54
-38
-42
-66
-86
-75
-56
-36
-24
-82
-111
-77
-31
-24
-64
-90
-71
-57
-49
-35
-70
-107
-89
-70
-72
-46
-47
-64
-54
-68
-77
-79
-74
-76
-79
-62
-61
-62
-66
-62
-37
-28
-34
-18
15
20
14
-14
-24
-26
-65
-75
-60
-28
-6
-28
-78
-92
-77
-75
-94
-87
-77
-58
-60
-64
-53
-61
-96
-98
-70
-64
-75
-46
4
92
221
339
364
241
63
-124
-192
-177
-122
-53
-17
-63
-101
-102
-86
-60
-52
-74
-92
-88
-109
-106
-73
-74
-92
-86
-43
-74
-120
-93
-56
-47
-52
-81
-106
-107
-99
-87
-68
-63
-67
-68
-52
-46
-46
-46
-34
-24
-31
-45
-25
-14
-52
-37
-5
-30
-54
-41
1
18
28
28
18
27
30
29
33
33
51
60
58
72
80
86
75
59
65
51
3
-15
-1
23
31
3
-16
-4
12
-24
-40
-26
-48
-82
-106
-97
-69
-73
-93
-97
-96
-111
-103
-78
-44
-34
-46
-64
-39
-18
-26
-24
-37
-59
-49
-29
-22
-22
-16
-25
20
147
284
399
431
314
127
-44
-109
-104
-92
-58
-6
12
2
-15
-39
-56
-51
-48
-59
-73
-62
-53
-38
-16
-39
-66
-52
-45
-47
-36
-19
-20
-26
-41
-63
-37
15
7
-41
-61
-42
-14
-20
-53
-64
-40
-13
7
6
-14
-44
-32
-22
-15
6
30
30
27
30
0
-7
13
33
36
5
0
21
49
46
23
22
27
19
11
29
25
9
10
26
27
14
-20
-42
-27
-9
-4
6
-13
-52
-49
-44
-30
-30
-45
-40
-9
15
16
3
-29
-61
-53
-9
18
13
-22
-28
-11
-1
-12
-13
-17
-17
-27
-24
-4
20
-4
-70
-85
-47
-21
-15
-28
-42
-36
-34
-35
-36
-35
-32
-46
-33
-44
-60
-52
-38
-39
-44
-63
-54
-28
-10
-38
-52
-44
-39
-47
-33
-16
-34
-45
-57
-71
-68
-55
-16
-2
-56
-89
-76
-55
-46
-38
-36
-65
-71
-56
-25
-11
-39
-54
-42
-19
-32
-39
-28
-52
-80
-70
-69
-73
-66
-50
-39
-17
-29
-46
-45
-42
-53
-58
-53
-51
-56
-33
-6
-31
-81
-72
-56
-43
-31
-37
-57
-50
-40
-48
-61
-51
-30
-15
-30
-63
-71
-46
-31
-49
-79
-87
-64
-47
-54
-52
-28
-34
-58
-73
-59
-27
-11
-12
-21
-22
-47
-69
-90
-80
-47
-20
-18
-26
-54
-64
-39
-26
-51
-60
-56
-31
-36
-46
-35
-15
-18
-29
-13
10
2
-1
11
7
0
-2
0
21
21
-20
-78
-105
-78
-50
-46
-56
-76
-86
-64
-55
-54
-53
-36
-27
-31
-36
-28
25
138
251
357
384
250
91
-46
-112
-91
-75
-76
-56
-50
-46
-46
-37
-60
-98
-93
-72
-76
-74
-60
-61
-62
-50
-60
-56
-47
-53
-77
-90
-80
-77
-93
-94
-78
-52
-44
-52
-64
-67
-40
-32
-43
-39
-39
-51
-72
-57
-23
1
-16
-48
-45
-22
-1
-4
-12
17
62
21
-37
-41
-33
-12
11
19
12
19
16
0
-3
12
29
23
12
27
35
16
-10
-21
-13
5
1
-17
-14
11
3
-10
-16
-29
-46
-40
-16
-1
-16
-11
-12
-28
-32
-39
-54
-26
0
-6
-28
-45
-34
-12
5
-7
-17
-14
-7
17
35
20
2
-8
-22
-24
-10
-2
6
0
-9
-8
2
25
4
-34
-48
-33
-16
-7
-13
-27
-59
-70
-36
-11
-20
-35
-45
-47
-51
-63
-56
-35
-17
-38
-51
-41
-21
-31
-35
-41
-48
-37
-44
-64
-35
-22
-49
-80
-75
-48
-36
-42
-39
-43
-52
-45
-57
-51
-52
-55
-57
-39
-16
-29
-62
-72
-58
-31
-35
-63
-73
-59
-44
-50
-44
-51
-42
-36
-6
1
-8
-9
12
23
29
-8
-47
-43
-8
-1
-26
-51
-53
-40
-29
-26
-44
-65
-66
-39
-26
-42
-65
-84
-73
-66
-64
-69
-45
-1
64
167
286
378
372
238
61
-106
-145
-95
-53
-62
-92
-86
-66
-36
-39
-74
-89
-70
-62
-77
-76
-61
-55
-53
-59
-68
-76
-67
-60
-53
-47
-52
-80
-74
-57
-43
-31
-48
-74
-69
-54
-49
-42
-38
-31
-36
-38
-37
-11
14
5
-27
-20
-6
-8
10
20
-8
-26
2
29
22
25
43
42
22
30
51
62
50
26
25
38
46
48
45
40
39
46
39
23
11
4
1
-9
-17
-12
-10
-21
-30
-33
-21
-19
-17
-17
-9
1
9
-17
-68
-81
-68
-59
-54
-46
-34
-24
-24
-28
-28
-22
-17
-14
-2
7
-4
-12
-19
-12
8
44
32
-24
-63
-58
-50
-46
-37
-35
-32
-28
-23
-3
1
-43
-89
-74
-40
-31
-38
-46
-45
-33
-32
-34
-30
-20
-17
-31
-32
-36
-36
-20
-8
-4
-18
-36
-27
-24
-51
-54
-49
-66
-77
-69
-57
-44
-27
-28
-40
-30
-9
-21
-52
-62
-35
-23
-18
-14
-20
-40
-55
-62
-51
-31
-24
-26
-26
-28
-22
-2
-11
-26
-30
-12
9
19
2
4
14
10
11
12
9
-11
-40
-36
-17
-16
-25
-39
-37
-27
-27
-36
-35
-23
-8
-20
-32
-50
-68
-70
-51
-30
-17
25
133
249
350
393
319
171
16
-108
-145
-113
-50
-31
-55
-63
-36
-32
-52
-54
-43
-30
-40
-56
-48
-45
-66
-60
-54
-60
-57
-52
-42
-24
-20
-34
-45
-62
-50
-28
-16
-20
-23
-38
-56
-49
-32
-27
-30
-20
-27
-39
-38
-3
12
-5
-16
-6
15
29
19
24
38
47
47
44
49
50
55
79
95
71
39
44
49
52
54
50
51
56
63
62
60
50
36
28
22
15
16
35
27
11
27
43
-1
-46
-59
-47
-25
-9
9
14
5
-10
-10
-16
-13
-24
-54
-68
-54
-44
-30
-20
-9
13
5
-8
6
44
26
-32
-64
-52
-18
31
38
0
-27
-22
-7
1
2
-21
-35
-25
-8
-10
-13
-1
-15
-22
-17
-16
-36
-23
-22
-30
-41
-50
-20
18
15
-19
-58
-51
-41
-25
23
4
-56
-58
-16
0
-24
-67
-68
-29
-26
-16
-3
-28
-52
-51
-35
-4
-4
-37
-60
-54
-31
-8
-8
-25
-34
-37
-31
-23
-30
-44
-47
-29
-19
0
11
-13
-36
-13
12
45
55
67
61
38
12
-16
-42
-54
-44
-27
-16
-13
-23
-32
-32
-38
-20
-33
-64
-64
-55
-44
-40
-34
-23
-4
-11
21
87
198
322
378
328
202
39
-120
-150
-109
-64
-39
-32
-44
-47
-51
-42
-20
-59
-93
-78
-39
-47
-54
-41
-30
0
-9
-67
-87
-59
-49
-57
-35
12
-17
-59
-64
-57
-32
-21
-30
-63
-55
-11
-32
-57
-42
-28
-36
-36
-13
-9
-27
-8
19
28
13
3
16
46
65
37
-3
11
46
62
70
76
53
35
54
70
70
59
38
56
84
77
48
45
58
76
48
6
-6
-11
-14
-13
-17
-11
-9
-20
-31
-25
-44
-45
-27
-20
-28
-36
-22
-21
-29
-30
-25
-15
-26
-2
20
-5
-44
-48
-29
-2
4
-30
-37
-16
-10
-7
2
-12
-37
-32
-10
-16
-44
-45
-17
-12
-8
-6
-20
-11
-21
-20
-3
-21
-24
-41
-37
-35
-32
-34
-31
-31
-59
-59
-28
0
-33
-70
-55
-27
-35
-31
-42
-67
-70
-68
-43
-37
-33
-20
-26
-37
-39
-32
-33
-66
-81
-53
-9
-16
-41
-43
-46
-54
-64
-52
-34
-25
-61
-73
-55
-31
-41
-56
-49
-45
-32
-11
-40
-45
8
51
54
40
-4
-49
-19
5
-24
-36
-32
-40
-62
-66
-33
-43
-63
-46
-50
-34
-32
-64
-92
-66
-43
-45
-34
-41
-73
-56
36
160
278
350
343
211
29
-134
-183
-141
-101
-77
-73
-68
-58
-57
-36
-38
-62
-59
-40
-16
-47
-85
-86
-51
-69
-107
-101
-80
-70
-53
-41
-62
-85
-73
-47
-26
-49
-60
-31
-13
-40
-70
-87
-67
-46
-44
-47
-38
-30
-13
-9
-4
18
16
-5
-9
3
0
24
48
20
-8
0
41
73
59
36
15
25
35
40
42
66
83
58
33
51
78
61
13
-4
38
49
8
-16
-24
-26
-14
-32
-48
-31
-5
12
6
-52
-79
-70
-34
-20
-47
-59
-46
-40
-41
-31
-18
-9
-24
-38
-25
-29
-29
-23
-14
-4
-2
-27
-29
-13
11
4
-27
-39
-32
-16
-11
9
23
3
-24
-30
-22
10
5
-42
-64
-57
-39
-40
-24
0
-15
-38
-36
-2
-18
-61
-67
-48
-35
-45
-46
-36
-28
-20
-19
-8
15
-2
-45
-48
-38
-55
-61
-55
-50
-23
-5
-30
-53
-52
-54
-54
-45
-39
-41
-51
-53
-44
-32
-14
-4
2
-2
-24
-47
-39
-24
-25
-44
-53
-45
-28
-18
-5
-6
-10
6
12
20
11
20
22
8
-7
-25
-40
-59
-59
-46
-41
-45
-36
-35
-50
-64
-54
-32
-24
-18
-37
-58
-65
-58
-34
13
107
229
321
349
260
120
-40
-136
-134
-107
-87
-71
-59
-58
-56
-69
-71
-61
-59
-54
-41
-35
-45
-59
-62
-59
-45
-40
-67
-72
-50
-48
-72
-69
-57
-52
-57
-48
-50
-58
-54
-46
-51
-38
-24
-18
-24
-37
-40
-27
-2
19
3
-38
-52
-37
2
36
50
46
28
7
7
30
36
29
23
22
35
45
51
57
69
60
32
24
43
57
66
66
46
36
26
14
5
4
7
-15
-44
-34
-7
9
9
-21
-37
-38
-47
-60
-51
-38
-19
-18
-25
-37
-38
-52
-54
-41
-28
-24
-21
-18
13
20
-15
-41
-27
12
14
-18
-31
-22
-28
-41
-28
-16
-15
-25
-36
-36
-35
-11
-6
-27
-48
-44
-34
-28
-15
-17
-27
-40
-45
-44
-29
-31
-40
-43
-38
-34
-16
-16
-37
-49
-33
-14
-2
-24
-59
-73
-59
-54
-64
-63
-60
-48
-41
-46
-60
-53
-29
-17
-16
-44
-59
-48
-31
-31
-42
-49
-60
-70
-57
-44
-37
-32
-23
-27
-11
30
48
30
9
-5
-10
-16
-24
-19
-21
-27
-42
-57
-53
-45
-49
-54
-56
-48
-53
-63
-63
-50
-54
-60
-60
-47
-43
-40
-12
34
98
173
274
316
203
72
-71
-129
-113
-81
-73
-79
-71
-49
-59
-79
-85
-75
-30
-28
-78
-101
-89
-60
-49
-63
-104
-117
-95
-49
-29
-45
-57
-80
-103
-81
-42
-71
-117
-98
-76
-54
-47
-54
-57
-13
-19
-86
-106
-68
-32
-32
-63
-68
-37
0
-9
-39
-36
-13
32
32
8
-1
28
26
5
8
8
9
25
33
33
23
22
14
15
33
42
13
-31
-37
-3
11
-27
-58
-56
-45
-51
-58
-60
-57
-61
-84
-83
-61
-64
-63
-61
-43
-6
-40
-100
-126
-101
-82
-56
-44
-51
-44
-38
-57
-75
-70
-50
-41
-36
-34
-33
-47
-58
-38
-11
-61
-79
-54
-30
-28
-34
-34
-59
-101
-73
-28
-16
-44
-63
-67
-56
-52
-10
-24
-59
-75
-99
-103
-81
-76
-65
-35
-78
-121
-88
-45
-56
-72
-54
-50
-43
-20
-20
-83
-127
-110
-95
-100
-71
-80
-95
-89
-63
-42
-60
-93
-53
-53
-112
-113
-77
-39
-36
-62
-70
-60
-23
-15
-34
-22
-19
5
-10
-69
-64
-45
-68
-109
-98
-83
-79
-87
-104
-106
-71
-56
-83
-99
-117
-133
-110
-79
-66
-75
-96
-107
-76
16
123
253
346
311
174
15
-157
-207
-182
-164
-156
-116
-68
-86
-102
-118
-147
-146
-126
-115
-100
-100
-128
-133
-92
-102
-118
-122
-107
-113
-105
-100
-100
-82
-112
-113
-96
-106
-104
-93
-125
-113
-96
-98
-85
-69
-78
-113
-90
-88
-102
-79
-66
-64
-44
-48
-60
-69
-70
-69
-60
-18
-16
-41
-21
16
32
45
-1
-38
-24
-18
-28
-16
13
27
11
-2
-5
-26
-49
-48
-58
-45
-27
-32
-7
7
-83
-150
-106
-74
-94
-123
-87
-48
-49
-88
-106
-136
-142
-80
-45
-68
-103
-79
-97
-128
-107
-73
-59
-69
-101
-109
-99
-88
-62
-44
-75
-88
-74
-68
-67
-50
-59
-46
-27
-63
-120
-133
-107
-94
-102
-110
-101
-45
-49
-90
-96
-71
-76
-108
-127
-111
-79
-85
-101
-95
-75
-61
-66
-64
-89
-106
-96
-109
-91
-69
-68
-102
-120
-110
-97
-104
-76
-84
-105
-109
-100
-91
-87
-81
-84
-76
-85
-97
-101
-91
-67
-59
-74
-63
-41
-35
-29
0
-7
-21
-13
-48
-99
-122
-83
-64
-79
-95
-100
-132
-138
-122
-87
-69
-87
-112
-111
-89
-87
-73
-35
-33
-101
-140
-84
13
119
228
307
273
119
-17
-123
-142
-134
-125
-110
-113
-106
-89
-89
-100
-121
-133
-114
-86
-72
-94
-131
-116
-106
-124
-127
-97
-66
-96
-134
-152
-130
-102
-72
-91
-131
-135
-111
-105
-90
-64
-80
-119
-126
-108
-82
-47
-48
-91
-98
-81
-75
-78
-84
-75
-47
-22
-29
-18
-5
-28
-45
-32
-5
24
15
-2
-26
-13
12
29
5
-5
18
34
-2
-34
-26
-11
-8
-17
-35
-36
-35
-31
-10
-12
-69
-111
-97
-74
-72
-61
-76
-94
-79
-70
-79
-83
-89
-95
-82
-77
-75
-66
-66
-57
-66
-79
-74
-63
-54
-49
-51
-40
-26
-18
-10
-7
-33
-76
-84
-47
-29
-56
-74
-73
-80
-68
-57
-51
-46
-48
-49
-43
-60
-77
-70
-54
-59
-53
-64
-92
-113
-98
-53
-51
-84
-88
-69
-49
-57
-70
-74
-84
-97
-89
-46
-40
-67
-104
-103
-76
-62
-64
-69
-65
-54
-23
-36
-69
-81
-84
-86
-68
-40
-16
-30
-53
-68
-52
-34
-28
-33
-26
-15
-30
-29
-30
-59
-72
-69
-79
-90
-113
-112
-111
-103
-95
-85
-47
-29
-71
-112
-110
-112
-114
-87
-47
15
111
212
322
382
308
143
-71
-206
-184
-149
-122
-82
-46
-59
-94
-113
-108
-115
-107
-94
-103
-142
-135
-119
-122
-109
-107
-114
-105
-82
-77
-92
-105
-113
-101
-74
-38
-62
-115
-123
-123
-112
-93
-64
-58
-100
-117
-94
-79
-68
-50
-47
-74
-84
-47
-1
-10
-35
-52
-41
-27
-6
11
18
2
-12
-21
-21
5
30
13
0
6
30
48
30
18
32
31
22
14
-3
-20
-32
-48
-50
-25
-27
-47
-52
-47
-36
-32
-86
-114
-91
-62
-52
-70
-80
-94
-93
-82
-60
-60
-78
-86
-82
-71
-63
-66
-57
-67
-88
-78
-53
0
0
-70
-118
-96
-65
-51
-61
-69
-64
-49
-41
-62
-64
-53
-56
-57
-35
-38
-61
-85
-80
-60
-58
-87
-109
-92
-64
-63
-88
-106
-98
-73
-51
-70
-99
-84
-36
-28
-50
-108
-121
-88
-57
-68
-71
-67
-96
-113
-89
-80
-87
-84
-83
-72
-55
-27
-17
-65
-102
-78
-59
-30
6
7
-34
-55
-57
-26
-13
-28
-52
-80
-97
-97
-72
-69
-104
-124
-86
-60
-85
-87
-74
-90
-104
-88
-63
-58
-66
-48
-31
-29
50
182
320
359
225
73
-80
-166
-168
-151
-99
-57
-52
-93
-112
-105
-96
-103
-111
-102
-80
-48
-40
-89
-125
-110
-85
-56
-61
-63
-62
-86
-93
-70
-58
-84
-83
-61
-76
-118
-106
-72
-69
-73
-72
-69
-61
-46
-49
-52
-59
-56
-44
-20
-15
-32
-32
2
-1
-29
-16
11
21
38
50
35
21
14
14
28
30
40
46
40
38
43
27
13
14
27
51
64
28
-29
-58
-38
-25
-35
-51
-55
-79
-136
-160
-121
-82
-80
-70
-78
-90
-72
-54
-71
-89
-55
-21
-28
-50
-52
-48
-32
-11
-17
-45
-45
12
143
253
355
405
338
165
-16
-117
-134
-126
-99
-40
-23
-27
-20
-32
-55
-72
-62
-46
-48
-63
-80
-79
-42
-23
-29
-54
-63
-59
-41
-17
-7
-1
-25
-59
-50
-39
-53
-78
-62
-31
-30
-44
-27
-21
-22
-10
0
-11
-39
-44
-8
25
18
-3
-8
-18
-7
25
16
-11
-8
22
45
46
22
28
63
58
34
33
39
45
38
30
22
-9
-21
-26
-23
-10
-20
-19
-17
-33
-43
-28
-17
-25
-39
-54
-42
-10
1
-26
-33
-30
-39
-32
-12
2
-6
-20
-24
-38
-37
-14
-21
-37
-26
-16
-32
-31
-30
-30
-27
-20
-24
-37
-49
-64
-72
-63
-53
-40
-8
-27
-62
-61
-32
-36
-55
-36
-10
-14
-38
-59
-71
-69
-75
-69
-68
-54
-42
-44
-43
-49
-64
-48
-54
-64
-56
-63
-69
-59
-56
-69
-74
-66
-48
-18
-29
-67
-82
-47
-16
-28
-60
-73
-56
-29
-37
-67
-83
-72
-60
-72
-64
-74
-81
-55
-34
-46
-63
-73
-57
-56
-64
-69
-59
-37
-38
-56
-57
-54
-41
-36
-26
-59
-90
-92
-69
-51
-42
-52
-69
-85
-86
-77
-59
-37
-32
-50
-78
-79
-53
-44
-51
-69
-64
-61
-51
-55
-50
-54
-60
-40
-23
-40
-56
-58
-79
-81
-68
-67
-47
-34
-49
-42
-6
13
-5
-6
-2
-19
-29
-27
-26
-34
-46
-55
-67
-71
-74
-66
-58
-44
-58
-66
-73
-63
-56
-55
-56
-51
-51
-57
-48
1
86
188
298
367
323
198
20
-136
-166
-137
-97
-88
-91
-95
-98
-101
-97
-81
-69
-71
-78
-75
-78
-87
-80
-69
-74
-79
-87
-74
-46
-34
-56
-64
-53
-60
-81
-59
-43
-82
-119
-116
-97
-77
-66
-72
-72
-60
-48
-43
-40
-32
-28
-27
-25
-28
-28
-23
-15
-15
-7
14
44
59
28
-16
-25
-14
-12
-16
-7
0
8
2
-1
0
9
8
9
11
17
24
23
14
2
-4
-6
3
-5
-16
-22
-24
-24
-30
-37
-41
-45
-46
-45
-42
-36
-43
-39
-30
-26
-17
-19
-26
-32
-26
-23
-30
-32
-23
-7
-12
-20
-24
-17
-8
-11
-11
-18
-21
-17
-11
-12
-13
-10
-24
-30
-33
-34
-30
-25
-28
-33
-32
-42
-47
-44
-36
-36
-43
-45
-45
-43
-46
-53
-49
-46
-42
-47
-59
-63
-61
-46
-44
-46
-57
-55
-55
-62
-63
-54
-44
-53
-61
-66
-59
-57
-63
-75
-67
-54
-50
-52
-52
-51
-56
-58
-54
-56
-50
-29
-16
-18
-7
1
1
-4
-17
-24
-28
-29
-40
-69
-76
-65
-54
-58
-63
-60
-68
-70
-64
-66
-64
-64
-74
-60
-56
-66
-72
-30
47
164
282
373
365
219
51
-112
-152
-128
-118
-100
-73
-66
-80
-82
-84
-82
-83
-82
-81
-77
-80
-82
-82
-82
-77
-81
-77
-81
-86
-82
-73
-75
-73
-77
-84
-77
-74
-69
-64
-65
-64
-60
-66
-74
-74
-64
-48
-44
-46
-42
-34
-26
-26
-26
-24
-21
-18
-15
-15
-7
-2
0
-1
0
2
-1
-1
-4
0
10
5
-6
-14
-11
0
18
13
6
8
-2
-16
-16
-17
-16
-30
-38
-38
-39
-45
-50
-51
-53
-53
-54
-61
-59
-58
-55
-54
-61
-58
-47
-37
-38
-50
-48
-42
-42
-42
-30
-24
-19
-24
-30
-28
-21
-9
-19
-27
-30
-27
-32
-40
-46
-36
-23
-24
-30
-36
-28
-29
-42
-45
-46
-40
-44
-46
-54
-54
-57
-63
-64
-61
-40
-38
-39
-42
-42
-43
-48
-56
-55
-56
-53
-51
-48
-55
-52
-50
-50
-52
-51
-49
-54
-61
-68
-54
-41
-41
-44
-38
-35
-33
-35
-33
-21
-13
-5
-12
-3
10
14
5
-3
-12
-9
-14
-28
-47
-54
-52
-60
-64
-63
-54
-56
-61
-66
-66
-60
-62
-65
-60
-62
-58
-64
-65
-53
-1
91
208
320
387
326
166
-14
-145
-158
-129
-110
-84
-76
-70
-64
-63
-70
-74
-72
-74
-79
-72
-64
-60
-64
-68
-66
-64
-68
-70
-68
-61
-61
-64
-67
-59
-55
-54
-60
-57
-57
-52
-50
-52
-46
-36
-36
-39
-36
-36
-28
-17
-12
-17
-13
-4
-4
0
-1
4
9
7
7
14
24
37
37
31
27
24
23
27
30
36
46
40
32
31
36
31
21
10
4
2
-3
-8
-23
-24
-19
-26
-36
-37
-37
-36
-39
-49
-48
-40
-34
-36
-36
-34
-32
-27
-31
-21
-16
-15
-16
-19
-18
-11
-8
-14
-14
-10
-13
-9
-12
-15
-15
-8
-10
-20
-20
-16
-14
-18
-25
-23
-24
-29
-41
-44
-36
-29
-29
-25
-27
-30
-31
-38
-39
-40
-36
-37
-38
-43
-41
-40
-39
-35
-36
-38
-37
-34
-40
-45
-35
-34
-41
-40
-41
-34
-38
-40
-43
-41
-42
-47
-39
-25
-10
2
-3
-8
-1
13
26
23
18
14
5
1
-9
-12
-14
-15
-29
-43
-50
-45
-45
-47
-48
-44
-43
-44
-49
-55
-48
-45
-44
-42
-41
-39
-25
10
99
221
329
384
313
159
-20
-142
-152
-126
-88
-64
-53
-51
-47
-43
-48
-53
-53
-51
-47
-51
-55
-55
-52
-45
-41
-44
-48
-43
-43
-45
-52
-49
-49
-42
-42
-46
-43
-43
-42
-39
-35
-34
-29
-34
-32
-29
-13
-3
0
-10
-8
0
13
15
18
22
30
29
36
41
52
49
54
58
68
72
68
65
65
70
76
72
79
78
82
72
67
66
59
54
52
37
31
21
15
6
4
-2
2
-1
-1
-5
-6
-10
-11
-19
-15
-9
-8
-13
-20
-21
-11
-5
-7
-10
-8
-2
0
-3
-8
-4
-1
-1
0
1
6
8
4
0
-3
0
2
6
5
6
3
-4
-5
-4
-6
0
-1
-2
-2
0
-9
-13
-16
-12
-10
-10
-20
-24
-16
-14
-23
-23
-15
-5
-15
-21
-15
-7
-10
-17
-26
-25
-19
-17
-17
-18
-16
-13
-18
-24
-24
-12
-11
-16
-17
-11
-3
11
15
15
32
45
49
48
41
33
25
18
9
4
0
-10
-27
-26
-21
-24
-27
-28
-19
-20
-23
-28
-30
-30
-20
-21
-29
-27
-21
-3
31
120
233
344
392
317
167
-9
-125
-136
-103
-67
-42
-35
-33
-37
-35
-30
-33
-33
-27
-21
-23
-26
-30
-29
-29
-26
-24
-22
-22
-16
-22
-25
-19
-11
-7
-10
-16
-15
-7
-8
-9
-10
-4
0
-3
-6
-2
8
19
23
18
22
38
34
29
36
46
62
65
63
69
73
83
86
78
75
86
101
94
89
87
102
105
102
95
99
108
98
92
80
74
70
56
51
48
43
36
27
23
24
23
9
3
13
23
18
14
6
4
10
12
11
11
15
23
16
12
15
27
32
27
19
20
27
26
21
23
35
28
25
24
29
32
31
25
20
28
37
29
22
14
14
17
19
8
9
14
16
10
4
6
13
4
-1
2
3
2
3
-1
2
5
10
5
9
5
9
5
-1
0
1
0
4
-2
0
1
3
-2
-7
0
10
4
-2
-4
1
2
1
-3
-6
-7
-2
5
1
17
24
29
36
56
71
71
58
50
40
32
27
16
18
10
-7
-13
-10
-17
-7
-10
-23
-29
-24
-14
-7
-15
-21
-12
-10
-18
-20
-6
26
104
195
299
355
274
138
-6
-89
-85
-67
-52
-30
-16
-13
-25
-32
-26
-10
-14
-34
-58
-57
-46
-40
-36
-41
-48
-40
-29
-19
-17
-23
-20
-11
-6
13
34
10
-50
-78
-72
-56
-31
-13
-7
-13
-13
3
5
-4
-15
-31
-54
-54
-21
6
17
7
-3
-2
4
21
23
32
44
53
49
46
48
63
68
69
62
53
45
53
68
69
58
52
65
46
18
7
13
23
9
-13
-17
-19
-21
-22
-24
-17
-16
-24
-30
-24
-23
-21
-28
-24
-10
-3
-1
-14
-24
-20
-8
-5
-6
-12
-9
-8
-12
-17
-11
1
4
4
4
10
4
2
-4
-6
0
0
3
-4
-5
-5
-10
-13
-11
-4
0
-6
-14
-15
-6
-8
-8
-4
-7
-18
-24
-32
-30
-24
-14
-15
-28
-35
-32
-17
-14
-23
-30
-30
-28
-28
-32
-38
-33
-16
-9
-25
-34
-31
-24
-22
-24
-29
-32
-23
-19
-20
-12
-4
1
13
29
32
19
9
12
22
17
3
-10
-6
-11
-26
-36
-36
-29
-26
-40
-62
-74
-65
-44
-36
-45
-50
-39
-37
-48
-55
-40
-2
59
174
288
362
327
182
12
-146
-174
-139
-110
-87
-68
-62
-54
-50
-56
-58
-55
-49
-58
-71
-68
-47
-43
-58
-69
-74
-79
-79
-82
-74
-66
-63
-61
-45
-27
-8
-29
-80
-102
-81
-60
-66
-69
-56
-37
-36
-41
-28
-28
-39
-64
-60
-36
-23
-26
-26
-11
3
0
0
16
20
7
0
5
23
48
44
22
5
12
37
49
58
67
80
58
-1
-29
-26
-12
5
-12
-50
-68
-43
-28
-42
-73
-75
-47
-14
-10
-15
-36
-78
-68
-26
-58
-99
-86
-76
-86
-93
-52
-27
-60
-82
-72
-40
-27
-30
-19
-10
-46
-56
-40
-17
-36
-63
-81
-59
-52
-58
-61
-51
-50
-49
-49
-53
-47
-45
-34
-14
-33
-64
-58
-49
-53
-70
-75
-58
-57
-75
-82
-68
-58
-40
-28
-32
-44
-46
-64
-65
-71
-81
-89
-77
-63
-64
-57
-72
-76
-68
-64
-52
-59
-76
-80
-53
-37
-33
-59
-52
-46
-42
-51
-63
-78
-86
-59
-35
12
29
-8
-27
-30
-19
-40
-67
-57
-44
-68
-105
-104
-81
-76
-69
-64
-69
-75
-88
-100
-82
-36
-26
-70
-117
-116
-94
-76
-16
104
241
325
310
183
54
-114
-206
-187
-130
-79
-72
-90
-100
-98
-112
-130
-124
-101
-95
-72
-55
-70
-93
-95
-101
-107
-89
-85
-100
-121
-117
-96
-63
-52
-119
-179
-165
-121
-100
-89
-60
-58
-83
-90
-97
-86
-58
-64
-60
-60
-80
-82
-51
-28
-37
-49
-41
-33
-15
-8
-8
0
-22
-23
-26
-32
5
27
26
5
-22
-7
31
11
-23
5
60
41
-25
-37
-16
-37
-63
-37
-24
-31
-55
-88
-88
-81
-71
-58
-71
-99
-108
-82
-77
-88
-92
-98
-96
-77
-39
-32
-34
-45
-78
-118
-119
-95
-48
-36
-77
-100
-88
-67
-48
-42
-24
-39
-51
-88
-119
-128
-97
-59
-50
-75
-77
-80
-94
-76
-32
-34
-74
-73
-72
-86
-63
-74
-123
-134
-100
-91
-96
-92
-83
-85
-80
-37
-29
-78
-104
-69
-70
-111
-110
-88
-96
-101
-86
-86
-96
-82
-57
-64
-74
-77
-82
-92
-98
-93
-110
-102
-77
-66
-74
-91
-94
-93
-71
-58
-88
-109
-96
-75
-83
-100
-85
-68
-68
-59
-37
-10
-10
-17
-14
-5
-12
-20
-18
-25
-54
-91
-119
-113
-103
-105
-103
-86
-69
-53
-68
-103
-115
-100
-89
-95
-113
-113
-102
-66
-4
94
208
307
305
171
24
-119
-181
-160
-110
-90
-98
-128
-130
-101
-90
-97
-119
-115
-91
-93
-120
-108
-89
-68
-55
-89
-126
-126
-119
-118
-91
-83
-87
-96
-103
-104
-101
-76
-66
-90
-114
-82
-63
-75
-110
-108
-91
-71
-68
-61
-58
-49
-46
-49
-42
-38
-31
-16
0
-7
-26
-43
-30
-28
-28
-13
7
-2
-8
-5
35
56
10
-7
-16
3
11
19
6
-29
-38
-53
-63
-58
-61
-57
-46
-57
-57
-72
-73
-41
-19
-30
-62
-93
-108
-81
-70
-88
-101
-79
-69
-70
-75
-68
-68
-53
-41
-37
-61
-80
-62
-42
-50
-64
-51
-40
-56
-76
-85
-74
-56
-54
-49
-65
-62
-50
-43
-51
-73
-51
-3
-26
-83
-104
-97
-87
-77
-78
-75
-73
-72
-80
-63
-56
-54
-51
-77
-100
-102
-76
-86
-107
-103
-80
-73
-84
-87
-58
-47
-58
-51
-39
-70
-116
-109
-80
-77
-103
-114
-95
-92
-81
-68
-76
-98
-89
-80
-78
-80
-74
-63
-47
-46
-46
-28
1
14
9
0
-20
-21
-8
16
-7
-46
-83
-99
-105
-100
-96
-81
-70
-68
-68
-71
-69
-69
-71
-63
-51
-46
-55
-60
-52
-16
67
189
293
321
222
64
-81
-181
-177
-160
-138
-105
-70
-60
-80
-92
-80
-76
-87
-82
-82
-82
-76
-71
-76
-67
-66
-63
-53
-71
-95
-102
-92
-70
-67
-82
-88
-71
-67
-67
-62
-65
-67
-69
-66
-58
-44
-34
-44
-50
-39
-30
-34
-40
-37
-25
-15
-8
-8
-11
-1
8
10
15
15
23
20
17
14
19
26
32
34
30
47
52
51
42
35
31
27
19
5
-13
-14
-12
-20
-28
-32
-32
-33
-39
-46
-49
-44
-45
-54
-58
-55
-58
-54
-57
-58
-60
-54
-52
-49
-47
-46
-41
-48
-54
-43
-30
-33
-43
-43
-40
-37
-37
-37
-40
-32
-30
-34
-40
-39
-38
-34
-42
-48
-47
-35
-38
-48
-58
-49
-49
-47
-52
-57
-51
-53
-62
-64
-64
-64
-59
-61
-63
-54
-51
-53
-62
-64
-62
-64
-64
-64
-60
-61
-67
-67
-64
-67
-62
-64
-72
-72
-68
-65
-73
-76
-64
-54
-53
-70
-87
-80
-64
-59
-49
-44
-38
-36
-30
-18
-7
-11
-10
-14
-26
-25
-28
-40
-42
-63
-71
-66
-65
-78
-85
-77
-63
-54
-60
-69
-64
-61
-63
-68
-69
-65
-66
-43
13
121
236
335
359
226
83
-71
-144
-121
-110
-95
-78
-64
-62
-59
-62
-66
-75
-74
-71
-64
-77
-78
-73
-62
-62
-67
-70
-61
-58
-59
-71
-73
-69
-62
-63
-61
-62
-63
-61
-59
-61
-57
-48
-49
-56
-52
-48
-36
-28
-20
-26
-22
-14
-9
-9
-4
10
13
3
9
18
26
36
28
28
36
28
26
31
37
42
49
46
45
49
50
38
36
35
27
16
6
-4
-8
-6
-13
-20
-29
-31
-24
-25
-34
-41
-38
-32
-30
-34
-39
-36
-33
-41
-44
-37
-26
-26
-25
-30
-23
-16
-11
-12
-26
-28
-22
-15
-10
-13
-12
-15
-24
-24
-16
-12
-16
-23
-20
-23
-26
-26
-30
-32
-24
-19
-27
-35
-37
-31
-33
-36
-46
-44
-39
-41
-46
-46
-43
-45
-45
-50
-47
-43
-51
-56
-55
-44
-37
-42
-49
-50
-48
-50
-45
-44
-50
-51
-50
-55
-55
-51
-44
-51
-53
-55
-52
-48
-53
-50
-47
-37
-32
-34
-37
-23
-7
4
6
4
9
1
-7
-16
-23
-23
-25
-38
-58
-60
-47
-51
-60
-65
-62
-53
-55
-59
-61
-54
-56
-63
-64
-59
-57
-39
-1
90
207
320
375
305
148
-22
-154
-171
-144
-107
-77
-71
-75
-69
-68
-64
-63
-64
-68
-64
-64
-68
-72
-69
-59
-57
-67
-70
-68
-57
-54
-64
-72
-68
-56
-52
-59
-61
-57
-51
-52
-50
-47
-45
-47
-40
-36
-32
-30
-26
-25
-24
-14
-5
-8
-9
1
19
27
22
19
19
30
36
36
39
46
51
51
52
52
58
59
63
65
75
69
62
48
36
32
30
23
11
-1
-3
-4
-11
-12
-12
-13
-21
-36
-43
-43
-48
-63
-71
-77
-76
-84
-85
-80
-75
-66
-53
-41
-36
-42
-29
-15
-4
-5
-7
-6
0
2
3
5
6
-3
6
62
165
270
367
383
265
83
-99
-137
-115
-58
-30
-34
-27
-18
-20
-24
-33
-33
-31
-32
-27
-22
-26
-25
-24
-30
-30
-25
-21
-20
-27
-31
-25
-15
-15
-14
-16
-15
-14
-21
-23
-23
-16
-14
-10
-10
-5
-3
0
1
-1
10
15
15
18
24
33
33
26
29
37
45
49
40
41
51
49
54
51
56
63
62
62
59
55
51
40
22
10
8
9
7
-6
-12
-10
-8
-14
-18
-17
-11
-4
-13
-13
-12
-11
-13
-19
-21
-24
-17
-5
-5
-10
-12
-11
-12
-8
0
0
-1
-6
-8
-8
-7
-14
-16
-18
-22
-16
-21
-25
-26
-16
-22
-28
-31
-24
-22
-28
-34
-38
-21
-17
-25
-30
-31
-24
-25
-30
-31
-32
-32
-34
-37
-37
-31
-32
-32
-37
-35
-31
-31
-35
-38
-31
-32
-34
-37
-41
-39
-34
-32
-40
-36
-34
-32
-41
-43
-40
-34
-33
-39
-40
-33
-33
-35
-44
-45
-41
-36
-44
-39
-37
-32
-36
-37
-38
-39
-36
-36
-46
-41
-37
-29
-37
-38
-40
-37
-35
-40
-41
-35
-31
-37
-46
-45
-42
-32
-29
-38
-37
-30
-34
-38
-46
-34
-28
-33
-38
-39
-37
-36
-42
-43
-37
-29
-33
-34
-35
-32
-34
-31
-33
-32
-28
-35
-39
-36
-30
-22
-24
-34
-38
-40
-31
-28
-33
-38
-37
-39
-37
-33
-21
-13
-11
-16
-18
-10
13
25
26
30
23
15
2
-9
-12
-4
-6
-29
-44
-44
-44
-48
-46
-37
-30
-36
-45
-47
-42
-35
-35
-42
-49
-44
-13
47
137
252
352
368
247
89
-73
-135
-114
-94
-78
-59
-56
-58
-63
-61
-58
-52
-57
-66
-62
-61
-59
-64
-69
-60
-54
-62
-65
-64
-56
-52
-57
-64
-61
-58
-54
-60
-59
-52
-50
-51
-52
-48
-42
-42
-43
-37
-34
-28
-22
-23
-18
-17
-7
-5
-9
-1
7
4
6
3
10
18
24
19
15
13
18
19
20
24
27
25
27
24
31
37
38
30
29
34
38
29
19
14
14
11
5
-5
-6
-2
-5
-12
-15
-19
-14
-14
-22
-28
-20
-20
-24
-24
-12
-5
-4
-4
-3
-3
4
2
3
2
10
11
8
4
11
20
22
15
6
10
9
2
-1
-2
3
2
6
0
-6
-6
-9
-19
-17
-15
-13
-18
-21
-21
-17
-19
-22
-27
-29
-29
-31
-28
-22
-19
-19
-27
-36
-42
-38
-30
-22
-29
-34
-36
-34
-36
-37
-34
-34
-38
-38
-42
-41
-32
-34
-41
-43
-41
-40
-43
-44
-35
-35
-40
-44
-46
-40
-41
-36
-35
-38
-36
-38
-40
-43
-42
-41
-45
-43
-44
-38
-39
-41
-39
-38
-28
-26
-26
-24
-15
-6
10
15
17
17
10
0
-11
-12
-12
-15
-26
-45
-50
-46
-45
-51
-55
-48
-44
-46
-46
-46
-41
-50
-52
-53
-57
-57
-43
-10
69
180
292
363
313
157
-10
-135
-151
-124
-91
-67
-60
-64
-65
-60
-62
-61
-61
-57
-50
-52
-56
-62
-68
-62
-57
-58
-56
-54
-53
-48
-56
-61
-60
-52
-55
-59
-59
-52
-48
-47
-48
-42
-36
-40
-43
-36
-28
-26
-26
-28
-25
-16
-6
-5
-5
5
5
8
13
19
20
27
22
24
33
40
44
39
37
38
42
44
37
33
38
37
35
33
28
26
26
16
7
-1
-2
-8
-11
-22
-29
-24
-25
-32
-37
-35
-33
-36
-38
-41
-40
-32
-37
-41
-35
-28
-25
-26
-30
-26
-18
-17
-25
-30
-22
-18
-18
-23
-17
-10
-10
-12
-16
-14
-10
-12
-13
-14
-13
-18
-23
-28
-26
-17
-12
-24
-29
-29
-22
-23
-27
-35
-32
-25
-23
-26
-29
-24
-22
-27
-36
-36
-32
-28
-30
-31
-31
-31
-27
-36
-39
-35
-31
-32
-32
-32
-32
-29
-29
-34
-35
-27
-26
-28
-33
-30
-20
-23
-25
-29
-37
-40
-41
-44
-37
-35
-37
-36
-34
-41
-36
-29
-23
-24
-28
-29
-29
-32
-36
-39
-34
-39
-39
-21
6
20
24
33
36
27
10
-1
11
22
12
-11
-10
17
-10
-66
-97
-81
-58
-57
-64
-56
-46
-45
-43
-22
-14
-48
-66
-49
5
94
224
327
325
177
56
-83
-161
-152
-99
-62
-58
-88
-93
-76
-64
-72
-96
-113
-90
-71
-72
-76
-66
-56
-41
-52
-66
-58
-62
-56
-48
-73
-111
-96
-67
-56
-42
-54
-67
-97
-100
-66
-52
-53
-44
-38
-45
-42
-37
-42
-36
-11
-26
-59
-64
-24
0
-23
-37
-22
-1
9
11
21
22
31
36
34
17
-17
-28
9
22
1
16
57
50
9
-5
6
-18
-32
-14
-10
-33
-39
-43
-48
-32
-31
-42
-80
-107
-106
-94
-80
-91
-145
-178
-136
-114
-111
-87
-58
-44
-65
-116
-123
-60
-9
0
-32
-57
-60
-72
-79
-72
-36
-24
-4
109
244
320
327
203
27
-99
-122
-98
-89
-93
-76
-82
-87
-90
-86
-63
-55
-65
-58
-59
-63
-82
-79
-85
-60
-41
-55
-89
-102
-84
-70
-66
-67
-80
-67
-73
-70
-80
-74
-46
-38
-51
-63
-70
-42
-14
-40
-66
-41
-34
-51
-57
-68
-56
-44
-23
0
3
0
2
-12
-21
5
39
43
40
42
13
24
39
23
0
21
19
-24
-24
-17
-28
-21
-40
-48
-38
-47
-73
-86
-67
-40
-34
-51
-74
-76
-68
-57
-57
-43
-15
-35
-62
-61
-46
-52
-67
-46
-38
-43
-14
-15
-35
-68
-95
-93
-67
-55
-56
-55
-57
-55
-45
-39
-63
-87
-82
-73
-63
-48
-45
-48
-50
-32
-29
-67
-92
-92
-50
-26
-83
-108
-66
-23
-57
-113
-119
-88
-79
-79
-72
-38
-38
-76
-107
-106
-88
-53
-52
-77
-82
-76
-77
-46
-20
-46
-102
-125
-88
-82
-105
-106
-77
-66
-74
-82
-76
-70
-87
-67
-37
-72
-111
-93
-59
-82
-99
-93
-79
-72
-62
-56
-70
-99
-100
-60
-65
-84
-67
-52
-83
-105
-116
-106
-67
-74
-94
-92
-92
-98
-74
-46
-54
-76
-83
-59
-74
-75
-87
-89
-74
-78
-103
-105
-91
-96
-90
-67
-63
-75
-75
-72
-93
-97
-69
-55
-66
-83
-78
-58
-57
-63
-74
-72
-49
-33
-24
-23
-28
-39
-29
2
-19
-73
-82
-60
-62
-93
-103
-84
-72
-48
-53
-81
-59
-49
-88
-105
-109
-112
-95
-48
31
129
240
328
318
189
42
-118
-176
-150
-113
-95
-73
-70
-84
-104
-99
-97
-83
-86
-91
-95
-67
-64
-87
-76
-87
-123
-128
-102
-82
-100
-132
-135
-104
-79
-75
-80
-72
-70
-85
-90
-81
-60
-61
-88
-103
-77
-69
-76
-60
-29
-19
-26
-54
-67
-58
-22
-11
-49
-54
-37
-25
-19
-17
-18
0
28
9
-7
-8
-16
-7
3
18
22
-1
-11
6
15
0
-11
-14
-13
-26
-21
-8
-31
-46
-39
-45
-27
-2
-27
-69
-69
-45
-55
-67
-53
-34
-51
-62
-44
-38
-69
-98
-83
-49
-32
-52
-64
-54
-41
-36
-37
-36
-21
-10
0
-18
-46
-38
-26
-26
-21
-40
-42
-34
-34
-66
-82
-90
-98
-112
-114
-86
-56
-56
-102
-118
-96
-83
-74
-76
-71
-40
-37
-44
-38
-35
-32
-39
-51
-70
-45
10
122
252
339
285
104
-90
-201
-180
-114
-58
-62
-92
-55
-40
-84
-112
-96
-81
-51
-51
-78
-85
-80
-66
-63
-75
-76
-58
-52
-46
-39
-32
-33
-21
-47
-83
-79
-83
-91
-82
-64
-64
-56
-27
-22
-56
-76
-76
-43
-17
-20
-26
-31
-45
-47
-48
-14
4
3
-6
2
27
10
-28
-28
-15
10
34
43
31
16
-4
-14
-11
-2
-3
-8
-2
-2
-16
-30
-29
-7
6
1
-39
-71
-85
-90
-68
-41
-53
-62
-75
-82
-80
-75
-67
-76
-77
-61
-46
-59
-63
-44
-34
-34
-49
-71
-90
-77
-53
-68
-92
-86
-62
-68
-75
-72
-66
-48
-43
-51
-43
-28
-49
-67
-51
-26
-56
-100
-105
-87
-73
-59
-63
-68
-69
-70
-57
-47
-39
-46
-44
-48
-65
-92
-90
-65
-51
-54
-66
-75
-77
-74
-72
-75
-67
-64
-66
-70
-70
-59
-53
-49
-44
-58
-75
-69
-49
-53
-57
-52
-24
-46
-90
-105
-93
-78
-79
-71
-65
-48
-56
-62
-63
-48
-40
-32
-35
-36
-52
-76
-63
-39
-33
-69
-100
-106
-88
-75
-66
-62
-54
-48
-37
-40
-38
-35
-50
-77
-63
-45
-69
-68
-38
-26
-51
-75
-95
-103
-98
-77
-58
-52
-67
-67
-52
-49
-76
-80
-65
-58
-56
-55
-70
-81
-76
-56
-48
-54
-70
-62
-32
-30
-66
-85
-78
-65
-52
-21
12
26
5
-30
-38
-25
-15
-27
-44
-58
-62
-67
-78
-76
-68
-54
-52
-65
-68
-57
-54
-64
-64
-72
-84
-79
-62
-49
-37
-13
49
137
250
334
291
139
0
-125
-150
-138
-119
-101
-88
-78
-74
-82
-87
-100
-101
-99
-90
-79
-72
-78
-77
-68
-68
-73
-68
-63
-74
-89
-97
-100
-94
-90
-87
-90
-81
-68
-62
-50
-60
-78
-80
-75
-67
-58
-48
-60
-61
-62
-53
-40
-21
-23
-25
-29
-47
-39
-24
-18
-13
-8
-3
6
1
-20
-15
10
21
11
-15
-27
-2
12
32
37
22
20
18
19
15
3
-20
-31
-27
-14
-13
-29
-35
-38
-44
-45
-49
-60
-54
-38
-39
-55
-56
-61
-51
-43
-44
-52
-46
-38
-48
-70
-64
-58
-45
-18
-4
-3
-18
-45
-62
-56
-44
-24
-19
-22
-28
-20
-17
-50
-71
-59
-23
5
-11
-35
-26
-23
-63
-81
-68
-55
-60
-64
-31
-20
-52
-61
-51
-63
-75
-63
-57
-73
-88
-94
-96
-94
-94
-78
-34
-19
-64
-96
-97
-93
-61
-40
-50
-58
-65
-78
-75
-90
-87
-75
-69
-70
-67
-85
-80
-68
-95
-107
-75
-77
-79
-62
-44
-42
-78
-79
-26
-33
-68
-60
-41
-64
-62
-25
-26
-78
-89
-62
-42
-64
-111
-108
-76
-94
-96
-84
-116
-107
-58
-79
-123
-128
-127
-83
-73
-96
-64
48
162
295
331
198
25
-106
-143
-127
-139
-124
-100
-95
-101
-92
-80
-106
-108
-83
-79
-88
-83
-104
-116
-101
-103
-141
-153
-107
-40
-64
-154
-169
-135
-100
-90
-94
-96
-84
-77
-63
-64
-79
-76
-100
-131
-91
-54
-69
-101
-100
-77
-70
-60
-41
-49
-45
13
14
-3
-12
-62
-85
-58
-20
6
-33
-55
-32
-32
15
36
15
-12
-15
-3
6
7
-37
-60
-34
-27
-42
-45
-38
-45
-49
-36
-47
-66
-72
-69
-72
-56
-44
-95
-126
-82
-80
-92
-47
-59
-76
-79
-123
-128
-99
-72
-69
-74
-85
-81
-80
-82
-63
-15
-38
-96
-88
-51
-28
-54
-87
-86
-67
-36
-35
-56
-66
-81
-82
-53
-17
-49
-97
-111
-102
-32
-14
-80
-121
-96
-86
-82
-60
-67
-108
-114
-78
-62
-51
-49
-63
-89
-99
-90
-85
-85
-82
-75
-59
-42
-79
-112
-94
-74
-67
-63
-68
-80
-90
-96
-88
-93
-94
-77
-75
-81
-86
-89
-85
-55
-44
-73
-62
-40
-77
-100
-85
-56
-23
-6
-36
-43
-10
-4
-62
-85
-71
-45
-28
-62
-75
-46
-68
-90
-98
-99
-72
-71
-91
-66
-80
-113
-118
-87
-55
-48
-61
-20
57
139
254
332
278
126
-70
-182
-172
-156
-128
-96
-70
-76
-92
-100
-100
-113
-121
-102
-80
-91
-87
-81
-94
-80
-82
-97
-104
-95
-99
-114
-89
-62
-80
-97
-61
-67
-110
-145
-131
-87
-65
-64
-82
-81
-78
-92
-84
-72
-64
-31
-12
-39
-56
-26
-14
-40
-69
-57
-12
18
7
-24
-24
-3
3
8
14
26
28
24
25
30
43
56
55
44
51
47
-7
-46
-41
-22
-27
-40
-43
-48
-36
-29
-40
-71
-75
-47
-32
-42
-76
-75
-49
-51
-83
-98
-96
-82
-64
-58
-46
-30
-20
-23
-52
-68
-55
-45
-53
-68
-44
-34
-51
-49
-52
-56
-40
-20
-22
-30
-56
-88
-72
-39
-29
-37
-30
-29
-46
-60
-75
-77
-64
-45
-16
-33
-69
-80
-78
-75
-60
-50
-44
-50
-61
-64
-69
-75
-62
-70
-67
-35
-16
-43
-68
-80
-57
-48
-53
-53
-69
-74
-69
-65
-66
-60
-49
-48
-63
-76
-62
-44
-23
-30
-64
-69
-44
-31
-38
-51
-14
2
-20
-32
-14
-7
0
9
-9
-30
-54
-64
-54
-38
-34
-70
-101
-85
-39
-17
-23
-57
-93
-85
-73
-73
-67
-56
-49
-32
16
101
208
328
367
259
100
-64
-133
-118
-105
-78
-53
-58
-63
-56
-69
-52
-44
-56
-75
-71
-58
-68
-81
-85
-81
-68
-61
-44
-32
-51
-95
-89
-58
-52
-75
-71
-44
-55
-36
-26
-56
-72
-52
-43
-50
-47
-51
-43
-36
-36
-24
-20
-7
-4
13
16
-18
-27
9
4
9
39
45
16
6
54
74
62
31
24
43
59
52
25
35
76
88
68
24
15
1
-4
1
9
12
-3
-14
-10
-22
-31
-36
-41
-25
-22
-28
-32
-34
-41
-68
-66
-37
-51
-36
16
20
-39
-66
-33
-22
-36
-51
-57
-10
5
-43
-43
-24
-21
-8
-11
-36
-20
31
42
-8
-59
-42
-20
-32
-43
-39
-11
1
1
0
-15
-34
-42
-50
-51
-35
-30
-31
-35
-58
-51
9
19
-12
-51
-71
-40
-18
-54
-69
-26
-21
-39
-50
-48
-48
-36
-20
-2
-5
-18
4
11
-20
-44
-29
-37
-69
-55
-30
-38
-52
-40
-12
-5
-25
-24
-24
-18
-5
20
37
41
59
41
12
22
27
3
-12
-21
-28
-20
4
-9
-49
-70
-53
-17
-38
-63
-35
-10
-22
-22
-13
-44
-52
0
75
141
183
292
373
318
154
17
-106
-153
-136
-75
-40
-30
-19
-9
-39
-53
-31
-21
-31
-56
-39
-15
-25
-61
-45
-17
-39
-64
-38
-17
-11
-34
-45
-20
-4
-11
-33
-43
-35
-37
-45
-27
16
6
-26
-43
-19
-20
-47
-41
-3
16
35
32
24
38
62
46
27
49
63
42
34
57
59
26
30
78
102
103
118
97
77
97
129
120
75
68
103
116
72
30
13
23
33
24
13
14
28
22
11
-8
-23
-30
-28
-29
-18
-7
-38
-94
-97
-76
-66
-68
-71
-55
-46
-17
3
-24
-34
-3
28
39
3
-21
-11
15
9
5
8
33
111
233
345
420
385
222
10
-117
-88
-42
-19
-18
-16
-4
-7
-3
-6
-28
-46
-38
-24
-7
-11
-19
-31
-21
-15
-27
-32
-14
-2
10
24
16
-10
-40
-25
24
31
0
5
31
-12
-64
-61
-18
10
18
19
1
-28
-18
6
16
25
31
49
40
17
10
36
49
61
56
47
54
48
44
74
84
75
76
74
66
79
68
28
2
11
18
6
-4
20
24
-6
-33
-12
0
0
-2
-9
-19
-12
-3
-9
4
49
44
18
-22
-52
-40
0
10
2
-17
-8
-2
1
-3
9
9
-12
-22
-9
-6
-15
2
9
-12
-6
39
41
-8
-48
-42
-12
10
