-74
-90
-86
-77
-67
-83
-91
-74
-64
-75
-88
-70
-59
-70
-84
-68
-53
-61
-75
-70
-53
-51
-68
-62
-41
-40
-50
-49
-28
-22
-29
-34
-14
5
0
-9
9
20
20
10
24
45
38
23
23
26
17
-4
-6
8
-2
-33
-45
-38
-38
-61
-67
-58
-57
-80
-95
-84
-73
-88
-92
-86
-73
-82
-100
-99
-91
-92
-115
-110
-92
-93
-111
-111
-98
-90
-102
-114
-93
-90
-102
-114
-94
-86
-97
-111
-102
-90
-96
-114
-109
-93
-100
-116
-116
-96
-92
-111
-114
-101
-96
-115
-123
-108
-102
-117
-133
-116
-102
-106
-126
-112
-96
-105
-124
-117
-100
-104
-118
-117
-105
-105
-117
-129
-104
-100
-117
-125
-108
-98
-108
-113
-104
-83
-89
-93
-75
-56
-64
-77
-70
-42
-56
-77
-71
-62
-67
-93
-98
-86
-82
-96
-111
-105
-102
-122
-146
-128
-126
-134
-144
-136
-127
-128
-144
-137
-120
-126
-144
-142
-130
-139
-137
-112
-43
16
68
137
209
211
126
6
-84
-151
-202
-216
-196
-154
-125
-123
-113
-96
-107
-119
-119
-95
-99
-120
-121
-110
-100
-114
-117
-95
-93
-105
-116
-99
-91
-102
-112
-101
-80
-92
-102
-93
-77
-73
-93
-91
-72
-64
-84
-79
-64
-52
-64
-64
-43
-33
-44
-46
-26
-10
-18
-30
-11
6
9
-10
4
20
14
-3
-2
4
-4
-24
-35
-28
-39
-56
-71
-58
-58
-78
-92
-85
-82
-98
-115
-106
-91
-97
-114
-105
-87
-94
-112
-114
-99
-103
-118
-119
-100
-96
-111
-122
-104
-94
-109
-117
-107
-93
-103
-116
-103
-82
-100
-125
-110
-94
-96
-111
-106
-91
-100
-117
-112
-96
-99
-116
-120
-104
-100
-116
-122
-101
-93
-111
-126
-108
-97
-105
-127
-107
-91
-104
-125
-118
-99
-102
-122
-122
-105
-100
-112
-117
-96
-93
-111
-112
-83
-73
-74
-77
-61
-52
-70
-76
-52
-45
-53
-71
-59
-61
-78
-102
-88
-74
-80
-105
-106
-100
-113
-137
-141
-120
-122
-140
-140
-124
-127
-144
-148
-123
-115
-137
-144
-132
-134
-135
-106
-33
36
104
168
224
206
97
-26
-112
-164
-189
-186
-151
-110
-106
-116
-107
-90
-93
-112
-108
-91
-89
-109
-106
-90
-92
-108
-111
-93
-79
-103
-108
-91
-87
-105
-106
-89
-77
-90
-102
-93
-73
-85
-88
-72
-60
-70
-79
-68
-45
-50
-60
-47
-28
-23
-31
-21
-5
-4
-14
-3
17
16
3
8
27
31
15
4
16
11
-15
-25
-26
-23
-47
-65
-57
-46
-74
-93
-83
-72
-85
-105
-94
-81
-91
-114
-102
-86
-89
-107
-103
-83
-88
-114
-110
-87
-93
-112
-110
-92
-89
-114
-112
-96
-92
-107
-118
-95
-90
-107
-121
-98
-92
-106
-119
-113
-94
-110
-127
-118
-99
-107
-120
-113
-98
-105
-127
-124
-104
-106
-118
-117
-100
-100
-119
-136
-120
-105
-117
-129
-116
-105
-121
-136
-121
-109
-118
-134
-121
-105
-101
-111
-101
-78
-71
-88
-80
-63
-64
-80
-85
-69
-66
-89
-100
-90
-85
-106
-114
-103
-100
-127
-140
-135
-129
-150
-161
-151
-137
-140
-153
-146
-130
-138
-166
-152
-134
-156
-172
-150
-114
-77
-33
44
138
194
189
121
29
-76
-176
-207
-190
-170
-169
-146
-117
-112
-138
-136
-121
-122
-136
-137
-125
-126
-135
-141
-117
-115
-135
-135
-115
-112
-133
-132
-115
-108
-125
-133
-112
-97
-114
-128
-106
-96
-104
-109
-92
-74
-79
-93
-80
-56
-64
-67
-50
-35
-43
-55
-36
-16
-19
-26
-3
5
7
-6
2
16
0
-22
-28
-18
-35
-57
-56
-50
-62
-88
-97
-80
-83
-106
-110
-92
-98
-114
-119
-106
-104
-122
-136
-112
-104
-121
-131
-120
-108
-114
-126
-116
-104
-120
-133
-125
-103
-113
-121
-111
-98
-109
-132
-132
-109
-110
-128
-126
-107
-112
-133
-128
-111
-113
-136
-131
-110
-108
-124
-126
-111
-115
-137
-138
-119
-114
-132
-141
-122
-118
-137
-145
-127
-116
-133
-141
-126
-118
-128
-139
-129
-120
-137
-144
-128
-108
-120
-117
-101
-84
-96
-108
-96
-73
-89
-96
-91
-71
-85
-104
-107
-100
-106
-113
-113
-104
-122
-148
-156
-143
-148
-167
-167
-150
-153
-166
-169
-144
-153
-172
-166
-151
-154
-181
-181
-159
-120
-90
-28
63
155
194
170
94
-10
-128
-206
-236
-219
-213
-202
-167
-125
-130
-146
-137
-120
-137
-155
-146
-134
-143
-157
-151
-127
-140
-150
-138
-119
-128
-149
-140
-127
-128
-145
-142
-119
-113
-127
-130
-111
-102
-118
-124
-105
-91
-105
-103
-81
-79
-96
-89
-66
-52
-67
-74
-46
-32
-38
-51
-26
-16
-26
-42
-30
-11
-22
-42
-46
-38
-56
-85
-83
-76
-90
-117
-119
-104
-109
-126
-133
-115
-126
-149
-153
-135
-130
-149
-150
-141
-131
-146
-152
-129
-131
-150
-159
-140
-127
-142
-156
-143
-128
-137
-152
-138
-130
-138
-153
-137
-126
-130
-137
-121
-94
-101
-121
-112
-99
-108
-132
-150
-183
-237
-284
-294
-277
-266
-284
-274
-238
-219
-242
-261
-279
-291
-323
-330
-315
-287
-285
-271
-232
-184
-172
-163
-132
-115
-113
-115
-99
-77
-87
-100
-76
-46
-45
-55
-45
-15
-15
-27
-21
12
20
7
16
39
40
19
20
43
57
43
40
60
62
48
50
63
74
63
63
75
90
74
59
71
78
59
40
42
44
28
5
0
13
-5
-32
-44
-41
-52
-75
-88
-72
-77
-104
-111
-99
-104
-123
-141
-120
-123
-143
-148
-124
-127
-149
-151
-134
-130
-151
-158
-140
-134
-154
-163
-158
-146
-157
-164
-162
-145
-153
-169
-156
-140
-149
-170
-160
-140
-145
-166
-157
-145
-149
-168
-163
-140
-148
-163
-152
-139
-145
-164
-162
-142
-143
-157
-164
-145
-139
-156
-160
-143
-140
-160
-171
-154
-139
-154
-160
-152
-129
-149
-171
-159
-141
-152
-168
-156
-145
-147
-164
-160
-135
-144
-164
-158
-141
-142
-160
-156
-141
-142
-157
-154
-134
-135
-157
-166
-149
-132
-155
-160
-152
-141
-152
-167
-152
-139
-152
-162
-150
-132
-146
-159
-150
-132
-147
-159
-156
-135
-140
-159
-158
-137
-142
-154
-156
-135
-134
-152
-154
-141
-134
-154
-157
-144
-136
-148
-158
-138
-135
-152
-156
-143
-128
-149
-162
-148
-135
-134
-140
-126
-103
-104
-113
-102
-83
-90
-103
-100
-80
-89
-114
-119
-103
-112
-124
-128
-114
-119
-145
-156
-142
-146
-165
-174
-160
-155
-172
-178
-156
-149
-167
-176
-160
-152
-169
-191
-172
-127
-84
-28
59
151
188
154
75
-18
-120
-205
-232
-204
-190
-176
-156
-125
-128
-146
-150
-133
-133
-145
-143
-124
-128
-145
-149
-131
-113
-131
-143
-130
-119
-132
-146
-127
-111
-120
-134
-124
-110
-119
-137
-130
-105
-112
-127
-114
-96
-98
-117
-106
-85
-81
-95
-93
-71
-65
-76
-74
-50
-44
-55
-53
-32
-21
-29
-34
-15
-2
-11
-21
-8
2
-7
-29
-19
-12
-41
-59
-58
-44
-64
-85
-92
-80
-90
-114
-113
-94
-102
-125
-130
-111
-109
-130
-133
-115
-107
-130
-135
-116
-108
-121
-132
-113
-111
-119
-136
-124
-113
-120
-133
-122
-107
-120
-137
-127
-109
-114
-133
-134
-115
-111
-130
-136
-114
-115
-135
-138
-121
-117
-139
-150
-132
-121
-138
-146
-129
-116
-128
-143
-138
-121
-128
-147
-139
-125
-134
-153
-137
-121
-125
-146
-142
-121
-115
-130
-126
-107
-92
-107
-110
-86
-78
-91
-91
-76
-67
-84
-100
-100
-98
-114
-130
-119
-105
-120
-148
-154
-144
-153
-172
-170
-151
-151
-169
-170
-145
-143
-167
-169
-149
-142
-165
-183
-169
-134
-104
-58
21
111
163
189
148
65
-44
-151
-206
-203
-187
-185
-158
-120
-117
-130
-132
-110
-112
-133
-137
-121
-115
-131
-142
-122
-113
-127
-135
-120
-107
-113
-126
-115
-98
-106
-122
-118
-90
-91
-106
-103
-89
-84
-96
-96
-75
-69
-77
-83
-63
-53
-60
-67
-43
-28
-33
-41
-23
-2
-5
-15
-4
19
14
-1
-1
25
21
0
-6
4
3
-18
-37
-32
-25
-55
-70
-61
-55
-68
-87
-76
-60
-71
-97
-83
-71
-70
-90
-95
-72
-71
-93
-95
-77
-66
-86
-96
-73
-63
-75
-86
-75
-60
-70
-88
-76
-58
-67
-85
-74
-59
-67
-85
-87
-68
-70
-89
-91
-76
-67
-85
-92
-78
-65
-83
-96
-87
-73
-88
-96
-99
-73
-80
-104
-105
-82
-80
-102
-104
-95
-88
-108
-114
-100
-90
-102
-113
-97
-89
-107
-118
-107
-84
-87
-104
-95
-65
-66
-81
-77
-55
-46
-61
-65
-56
-50
-73
-92
-83
-74
-88
-103
-90
-85
-100
-121
-118
-112
-121
-143
-139
-121
-127
-154
-149
-123
-116
-135
-144
-123
-114
-134
-161
-148
-107
-82
-40
39
135
200
198
141
39
-67
-165
-218
-212
-195
-195
-180
-137
-120
-140
-156
-141
-128
-147
-151
-136
-124
-144
-161
-155
-137
-141
-154
-154
-134
-138
-151
-155
-132
-137
-158
-157
-143
-131
-150
-155
-140
-128
-142
-150
-133
-120
-130
-141
-134
-114
-117
-131
-117
-96
-89
-106
-105
-75
-67
-73
-81
-57
-43
-58
-71
-54
-40
-61
-87
-71
-68
-75
-109
-104
-90
-106
-142
-140
-130
-132
-153
-154
-133
-127
-147
-155
-140
-141
-156
-166
-148
-138
-149
-165
-152
-138
-145
-157
-156
-138
-144
-162
-156
-132
-128
-153
-152
-141
-128
-146
-158
-146
-131
-141
-155
-148
-132
-150
-157
-153
-136
-144
-156
-155
-137
-138
-160
-158
-140
-130
-148
-159
-144
-132
-142
-164
-154
-138
-142
-164
-154
-138
-142
-163
-155
-139
-145
-158
-162
-144
-136
-155
-170
-150
-139
-146
-155
-132
-115
-116
-133
-117
-101
-100
-111
-108
-87
-95
-121
-127
-114
-115
-135
-148
-133
-133
-160
-173
-159
-154
-170
-190
-174
-159
-175
-194
-179
-170
-171
-188
-184
-166
-173
-192
-198
-178
-139
-106
-52
38
124
159
152
77
-23
-132
-222
-254
-245
-245
-235
-202
-154
-155
-173
-170
-143
-147
-166
-170
-152
-147
-166
-163
-150
-134
-152
-159
-148
-135
-144
-159
-146
-130
-133
-152
-144
-127
-127
-140
-138
-118
-111
-131
-133
-108
-98
-112
-115
-95
-77
-90
-99
-79
-67
-66
-77
-59
-42
-35
-55
-39
-16
-16
-35
-38
-15
-17
-36
-53
-39
-36
-60
-85
-75
-70
-93
-114
-108
-100
-114
-135
-126
-109
-121
-141
-133
-121
-115
-138
-141
-120
-111
-135
-144
-128
-118
-137
-144
-130
-119
-128
-140
-128
-116
-120
-130
-126
-109
-115
-137
-131
-112
-111
-127
-124
-107
-111
-128
-127
-110
-108
-121
-135
-113
-104
-121
-131
-110
-102
-111
-134
-131
-112
-116
-127
-121
-103
-106
-128
-125
-101
-101
-121
-124
-100
-96
-115
-127
-106
-100
-111
-120
-108
-84
-88
-96
-82
-59
-63
-68
-68
-48
-46
-62
-68
-51
-57
-86
-95
-76
-72
-85
-102
-90
-92
-112
-135
-122
-107
-118
-146
-137
-118
-119
-140
-136
-115
-116
-132
-128
-118
-121
-146
-139
-95
-40
4
65
150
220
200
110
10
-71
-160
-222
-221
-178
-150
-140
-118
-102
-116
-136
-134
-110
-107
-116
-135
-120
-109
-116
-130
-122
-111
-124
-139
-123
-101
-112
-124
-119
-106
-108
-122
-118
-93
-92
-110
-117
-104
-88
-99
-104
-85
-73
-77
-86
-65
-44
-51
-60
-44
-23
-33
-46
-32
-6
-3
-18
-10
9
16
-6
-13
7
8
-18
-35
-38
-42
-66
-83
-76
-68
-85
-107
-100
-84
-97
-121
-120
-105
-111
-129
-126
-107
-108
-124
-131
-112
-106
-126
-132
-121
-108
-114
-132
-121
-106
-115
-128
-117
-105
-112
-129
-123
-100
-100
-119
-122
-100
-98
-118
-123
-109
-99
-109
-125
-111
-93
-111
-124
-115
-97
-109
-123
-114
-96
-96
-115
-120
-101
-104
-116
-118
-99
-100
-119
-122
-106
-98
-114
-126
-108
-96
-106
-128
-117
-100
-108
-114
-99
-73
-71
-85
-78
-59
-52
-69
-68
-47
-41
-58
-74
-64
-62
-83
-96
-80
-70
-82
-107
-108
-98
-111
-136
-128
-109
-115
-130
-121
-100
-105
-125
-123
-101
-93
-108
-117
-107
-98
-91
-55
25
106
167
218
243
191
73
-43
-114
-144
-146
-139
-106
-60
-61
-79
-73
-58
-57
-72
-68
-55
-48
-68
-68
-55
-44
-62
-67
-54
-46
-55
-68
-51
-31
-49
-62
-46
-27
-39
-52
-34
-19
-30
-40
-31
-10
-13
-25
-12
3
5
-7
-3
21
33
18
19
40
52
42
40
63
78
66
57
71
81
65
46
45
55
35
12
10
23
6
-23
-23
-6
-18
-40
-37
-25
-29
-48
-44
-32
-35
-56
-63
-43
-37
-56
-60
-48
-39
-52
-61
-46
-32
-47
-61
-46
-38
-46
-62
-52
-32
-47
-67
-61
-39
-46
-62
-59
-42
-40
-65
-60
-43
-37
-56
-57
-46
-37
-60
-67
-48
-37
-60
-71
-60
-45
-59
-68
-57
-41
-45
-63
-58
-41
-45
-67
-66
-42
-40
-60
-60
-37
-35
-60
-69
-49
-40
-57
-60
-37
-14
-17
-26
-7
2
-7
-22
-6
8
4
-18
-18
-2
-8
-25
-29
-14
-19
-41
-53
-38
-46
-76
-78
-65
-57
-73
-81
-58
-58
-67
-84
-66
-50
-66
-75
-69
-60
-64
-52
2
80
145
213
269
279
194
62
-23
-83
-124
-137
-105
-64
-48
-57
-47
-23
-28
-45
-48
-28
-24
-39
-46
-28
-19
-35
-42
-28
-15
-33
-39
-15
-1
-12
-23
-10
2
-7
-21
-5
14
7
-5
8
26
18
5
21
38
39
30
35
57
62
48
54
80
92
76
80
108
122
103
95
112
119
109
94
100
101
83
63
63
74
56
30
28
36
23
2
3
17
12
-7
-2
15
19
0
-5
7
11
-10
-18
1
8
-11
-21
-8
5
-4
-16
-4
11
5
-5
5
16
3
-10
-5
16
8
-1
-4
16
16
-5
-3
10
6
-10
-8
10
5
-11
-15
7
15
0
-12
0
14
-8
-15
0
16
-4
-14
-2
8
-1
-20
-12
8
-6
-23
-17
2
-5
-24
-19
0
3
-16
-16
0
4
-8
-7
14
27
12
14
34
40
25
27
46
48
32
15
20
27
6
0
10
16
-2
-15
-17
-3
-15
-40
-42
-22
-26
-45
-46
-23
-26
-40
-41
-27
-19
-36
-45
-34
-23
-14
25
95
177
232
284
300
238
107
2
-61
-91
-96
-94
-54
-16
-7
-20
-10
-2
3
-22
-13
6
7
-14
-10
2
9
-6
-13
13
12
-6
-15
7
11
0
-9
4
20
7
-5
10
30
20
5
13
37
29
20
29
54
54
38
42
69
71
57
63
84
95
79
85
110
119
101
99
115
118
98
85
93
94
74
52
60
61
39
19
26
34
21
0
7
20
7
-12
-4
12
7
-11
-8
6
8
-11
-10
8
5
-8
-11
2
5
-10
-15
4
6
-9
-16
4
9
-7
-20
-2
8
-3
-9
-2
9
1
-16
-5
12
-1
-15
-12
6
2
-16
-10
1
-1
-21
-14
0
-7
-23
-20
0
-3
-21
-23
0
1
-15
-22
-6
-1
-21
-29
-11
-1
-12
-22
-10
-2
-15
-27
-10
11
11
0
20
32
26
13
28
47
34
21
29
41
23
1
2
13
5
-15
-11
-3
-17
-37
-33
-19
-32
-56
-54
-32
-40
-60
-57
-34
-38
-52
-56
-45
-49
-66
-57
-8
52
97
168
253
294
241
137
51
-46
-118
-125
-85
-57
-49
-44
-28
-23
-42
-45
-20
-14
-32
-37
-31
-19
-41
-52
-32
-28
-42
-54
-44
-28
-47
-62
-49
-34
-57
-76
-56
-41
-63
-70
-60
-44
-58
-71
-61
-44
-52
-68
-60
-40
-31
-39
-34
-19
-22
-40
-28
-4
-14
-24
-16
-1
-10
-28
-38
-27
-42
-74
-86
-79
-88
-125
-132
-130
-133
-153
-168
-162
-179
-208
-214
-207
-205
-225
-236
-221
-228
-253
-260
-244
-228
-241
-256
-255
-252
-268
-276
-265
-260
-294
-317
-307
-296
-303
-324
-321
-305
-315
-339
-341
-333
-344
-358
-351
-340
-347
-368
-364
-352
-356
-369
-373
-357
-366
-379
-380
-370
-362
-379
-376
-366
-364
-384
-382
-364
-353
-348
-351
-344
-342
-382
-405
-400
-383
-394
-396
-384
-370
-377
-392
-379
-359
-375
-378
-368
-351
-347
-361
-356
-340
-340
-344
-341
-330
-332
-355
-350
-347
-359
-378
-381
-369
-373
-389
-390
-382
-391
-409
-405
-387
-394
-414
-420
-399
-393
-409
-408
-392
-384
-405
-417
-406
-376
-354
-306
-220
-130
-71
-51
-96
-196
-315
-393
-429
-443
-455
-455
-416
-382
-377
-391
-376
-344
-348
-369
-361
-342
-339
-359
-349
-336
-337
-349
-343
-331
-333
-344
-343
-320
-316
-336
-325
-313
-304
-321
-312
-303
-293
-301
-304
-279
-263
-283
-282
-258
-241
-251
-261
-243
-220
-226
-227
-206
-187
-190
-191
-160
-139
-157
-181
-168
-159
-171
-188
-186
-183
-200
-226
-229
-220
-228
-255
-258
-252
-255
-278
-275
-254
-254
-274
-279
-260
-253
-266
-266
-259
-260
-277
-283
-265
-257
-275
-286
-273
-267
-280
-296
-276
-276
-292
-298
-279
-262
-274
-285
-270
-253
-263
-282
-289
-297
-313
-323
-301
-283
-294
-312
-308
-296
-303
-315
-313
-306
-313
-330
-318
-300
-299
-323
-319
-302
-304
-325
-334
-318
-308
-328
-323
-311
-305
-318
-323
-311
-303
-318
-332
-317
-308
-320
-328
-311
-298
-309
-312
-295
-285
-290
-289
-278
-256
-270
-281
-259
-248
-259
-271
-268
-262
-267
-290
-284
-272
-271
-294
-296
-291
-290
-309
-314
-305
-296
-312
-314
-297
-294
-300
-308
-288
-284
-298
-307
-292
-295
-295
-264
-200
-130
-65
-4
48
29
-84
-205
-274
-318
-362
-365
-341
-297
-279
-298
-291
-263
-253
-273
-262
-251
-258
-269
-262
-251
-248
-265
-261
-244
-243
-260
-260
-248
-239
-247
-251
-234
-225
-231
-235
-220
-215
-228
-238
-225
-204
-207
-210
-195
-182
-193
-200
-190
-170
-167
-173
-158
-136
-134
-145
-138
-112
-105
-119
-118
-103
-106
-119
-126
-121
-119
-139
-155
-145
-149
-179
-197
-191
-183
-202
-216
-211
-197
-204
-221
-212
-193
-195
-211
-212
-209
-220
-232
-223
-204
-201
-220
-220
-205
-207
-216
-216
-209
-197
-217
-224
-210
-200
-218
-220
-207
-192
-202
-215
-212
-191
-203
-223
-213
-192
-203
-217
-205
-189
-196
-209
-208
-195
-198
-217
-219
-199
-197
-213
-218
-201
-195
-206
-215
-200
-194
-206
-220
-203
-197
-199
-215
-203
-192
-191
-211
-208
-196
-199
-206
-204
-194
-195
-208
-204
-183
-174
-174
-172
-154
-145
-160
-168
-145
-136
-152
-162
-158
-150
-162
-171
-171
-172
-186
-205
-199
-187
-198
-216
-220
-204
-206
-221
-219
-207
-204
-225
-228
-211
-204
-222
-224
-214
-212
-218
-196
-141
-70
-8
54
123
137
54
-72
-152
-226
-269
-285
-256
-213
-191
-200
-202
-185
-182
-191
-188
-172
-171
-194
-190
-174
-169
-183
-192
-175
-162
-176
-186
-168
-167
-179
-187
-173
-156
-162
-172
-157
-138
-141
-153
-140
-136
-138
-149
-138
-124
-115
-127
-115
-98
-83
-93
-95
-69
-61
-72
-71
-49
-34
-41
-43
-23
-18
-41
-50
-38
-35
-55
-86
-92
-86
-97
-119
-121
-111
-119
-137
-142
-124
-126
-154
-160
-144
-136
-157
-160
-143
-133
-148
-154
-147
-138
-151
-159
-156
-137
-155
-161
-155
-135
-139
-158
-154
-134
-137
-154
-147
-128
-133
-150
-149
-135
-133
-143
-143
-128
-120
-142
-158
-144
-126
-145
-161
-155
-131
-140
-155
-150
-134
-141
-149
-153
-130
-137
-151
-149
-135
-140
-150
-149
-139
-128
-139
-147
-132
-128
-132
-143
-136
-136
-144
-154
-137
-123
-129
-141
-125
-106
-104
-116
-103
-82
-85
-97
-89
-75
-80
-100
-96
-85
-94
-118
-125
-106
-100
-116
-123
-108
-116
-143
-154
-146
-134
-151
-160
-139
-128
-141
-156
-143
-127
-133
-151
-149
-141
-138
-126
-71
4
79
139
192
203
127
6
-90
-148
-184
-195
-180
-138
-109
-112
-116
-104
-100
-115
-128
-114
-96
-104
-118
-114
-101
-109
-125
-121
-103
-102
-117
-109
-92
-84
-101
-105
-95
-93
-101
-100
-87
-77
-87
-90
-71
-59
-65
-76
-67
-53
-50
-61
-44
-23
-20
-31
-15
9
12
2
6
21
33
15
14
34
40
14
4
8
12
-18
-35
-38
-26
-48
-64
-62
-56
-71
-86
-82
-66
-84
-102
-95
-87
-88
-96
-98
-84
-83
-100
-105
-87
-77
-95
-100
-86
-80
-95
-102
-86
-79
-86
-101
-94
-86
-97
-109
-102
-85
-89
-100
-99
-80
-80
-99
-98
-79
-81
-101
-94
-81
-86
-96
-111
-93
-85
-96
-107
-95
-85
-102
-109
-101
-84
-93
-104
-103
-82
-87
-106
-105
-85
-86
-101
-107
-84
-84
-95
-98
-86
-82
-100
-106
-90
-77
-95
-106
-86
-74
-76
-89
-75
-55
-53
-63
-57
-36
-36
-47
-39
-26
-27
-50
-58
-54
-51
-72
-77
-59
-57
-79
-90
-83
-79
-95
-114
-105
-88
-103
-114
-101
-89
-97
-108
-100
-86
-89
-109
-112
-99
-76
-54
0
83
159
207
228
180
84
-33
-125
-167
-170
-160
-150
-113
-73
-79
-90
-88
-72
-74
-86
-80
-66
-77
-96
-91
-67
-66
-85
-83
-63
-64
-77
-84
-57
-53
-66
-79
-64
-50
-63
-68
-55
-42
-47
-63
-53
-35
-37
-46
-35
-16
-22
-25
-18
1
5
-3
3
22
37
22
19
43
52
41
33
45
63
46
25
23
29
11
-15
-21
-16
-29
-53
-51
-38
-44
-68
-71
-63
-57
-76
-83
-63
-61
-74
-90
-75
-67
-76
-93
-77
-67
-73
-93
-83
-69
-80
-93
-82
-66
-75
-88
-82
-60
-66
-80
-84
-67
-62
-75
-84
-64
-61
-70
-84
-72
-58
-72
-86
-77
-60
-68
-88
-77
-60
-69
-82
-75
-64
-70
-84
-80
-64
-72
-92
-78
-63
-62
-84
-87
-73
-68
-82
-92
-67
-73
-81
-81
-67
-61
-77
-83
-71
-66
-75
-91
-75
-61
-69
-88
-71
-51
-55
-57
-49
-24
-19
-43
-34
-12
-14
-37
-36
-23
-29
-54
-58
-52
-39
-53
-63
-58
-59
-87
-98
-88
-84
-94
-106
-98
-83
-88
-104
-103
-84
-89
-98
-99
-90
-101
-114
-86
-26
30
77
142
217
255
192
82
-6
-85
-145
-161
-136
-97
-84
-87
-75
-64
-72
-85
-70
-56
-70
-78
-72
-51
-64
-82
-75
-54
-62
-78
-73
-57
-61
-79
-73
-55
-44
-58
-63
-44
-45
-56
-57
-40
-26
-37
-42
-22
-3
-21
-29
-23
-6
-1
-7
11
29
22
16
32
46
51
41
48
65
67
45
42
51
41
21
3
14
9
-16
-35
-32
-32
-53
-67
-54
-48
-69
-80
-71
-57
-63
-77
-75
-64
-69
-93
-80
-64
-73
-89
-81
-62
-70
-93
-96
-71
-65
-76
-79
-64
-62
-85
-90
-77
-69
-80
-90
-71
-64
-74
-88
-79
-66
-76
-92
-81
-68
-73
-92
-82
-70
-72
-93
-93
-71
-77
-95
-84
-62
-64
-93
-94
-78
-77
-91
-91
-78
-73
-90
-96
-76
-71
-88
-89
-76
-70
-89
-92
-74
-75
-90
-97
-73
-71
-80
-85
-68
-54
-61
-70
-55
-35
-40
-56
-42
-24
-25
-44
-36
-21
-36
-60
-60
-47
-45
-64
-73
-61
-64
-95
-92
-86
-86
-103
-104
-90
-89
-101
-106
-88
-86
-103
-113
-94
-86
-103
-113
-80
-38
0
46
143
216
242
198
113
26
-68
-149
-169
-134
-108
-107
-78
-60
-67
-85
-83
-61
-56
-71
-78
-64
-62
-78
-89
-64
-58
-80
-91
-70
-56
-65
-76
-68
-51
-54
-68
-64
-46
-41
-57
-46
-30
-34
-48
-40
-16
-11
-27
-29
-7
3
-7
-1
19
31
22
21
41
56
45
43
65
76
72
55
60
68
55
34
29
31
16
-13
-11
-6
-17
-48
-49
-38
-42
-66
-61
-50
-50
-64
-75
-59
-47
-64
-77
-63
-59
-77
-78
-74
-64
-73
-87
-75
-59
-64
-81
-76
-60
-67
-87
-77
-60
-61
-79
-82
-67
-64
-87
-96
-80
-73
-89
-96
-76
-74
-89
-94
-85
-72
-85
-95
-88
-76
-89
-97
-90
-75
-80
-101
-100
-74
-76
-89
-94
-77
-86
-96
-103
-89
-82
-95
-104
-90
-78
-92
-96
-88
-80
-94
-102
-90
-74
-84
-95
-91
-75
-78
-92
-89
-67
-69
-78
-71
-48
-51
-57
-58
-35
-35
-50
-67
-52
-53
-76
-92
-71
-62
-74
-92
-87
-85
-106
-122
-120
-103
-110
-126
-124
-105
-117
-129
-128
-112
-107
-118
-127
-117
-115
-133
-129
-80
-23
24
101
189
236
187
86
-3
-85
-165
-205
-187
-145
-128
-125
-107
-86
-95
-116
-114
-98
-100
-116
-108
-94
-87
-109
-106
-85
-78
-98
-104
-89
-76
-92
-98
-78
-71
-85
-99
-84
-67
-69
-82
-72
-52
-60
-80
-75
-48
-50
-62
-56
-32
-26
-37
-31
-13
1
-11
-5
11
26
10
9
16
32
20
6
13
21
1
-18
-21
-12
-28
-57
-68
-55
-59
-89
-92
-81
-74
-94
-108
-104
-104
-119
-121
-102
-92
-105
-123
-113
-102
-114
-125
-113
-104
-114
-126
-119
-101
-115
-129
-128
-106
-112
-129
-121
-111
-114
-132
-129
-107
-106
-116
-123
-113
-106
-131
-130
-114
-104
-120
-128
-119
-106
-117
-127
-120
-111
-126
-136
-125
-107
-125
-134
-125
-113
-125
-143
-138
-118
-119
-128
-128
-112
-113
-128
-137
-120
-125
-132
-136
-115
-115
-136
-138
-123
-116
-131
-137
-122
-119
-136
-143
-123
-106
-121
-126
-107
-88
-96
-102
-92
-70
-67
-82
-80
-69
-82
-99
-108
-92
-102
-118
-117
-97
-108
-134
-141
-130
-133
-151
-160
-138
-139
-153
-152
-140
-137
-151
-160
-140
-128
-144
-161
-145
-127
-97
-56
20
107
161
184
143
55
-58
-153
-199
-199
-198
-181
-144
-113
-108
-130
-127
-101
-105
-126
-128
-112
-113
-125
-125
-113
-108
-121
-125
-111
-104
-118
-118
-101
-93
-116
-120
-105
-89
-101
-110
-96
-82
-86
-102
-89
-71
-74
-82
-75
-51
-55
-67
-46
-22
-23
-35
-34
-2
-2
-14
-4
22
26
11
9
26
23
-1
-14
-2
-5
-30
-48
-40
-47
-64
-75
-65
-65
-90
-101
-86
-82
-94
-111
-100
-84
-96
-111
-101
-89
-100
-115
-110
-91
-94
-114
-115
-94
-102
-117
-107
-95
-102
-121
-107
-93
-99
-115
-110
-97
-94
-112
-106
-90
-85
-107
-112
-96
-94
-108
-116
-93
-91
-108
-124
-109
-101
-107
-117
-107
-98
-110
-121
-108
-98
-105
-115
-107
-91
-99
-113
-106
-91
-109
-116
-113
-91
-95
-115
-112
-98
-96
-114
-112
-91
-101
-116
-115
-96
-98
-110
-110
-89
-90
-99
-94
-69
-65
-73
-74
-55
-47
-61
-60
-46
-53
-70
-85
-74
-68
-79
-98
-89
-76
-91
-111
-110
-99
-114
-130
-126
-116
-122
-131
-123
-110
-118
-134
-132
-118
-120
-140
-145
-123
-103
-75
-29
50
132
183
193
151
51
-57
-151
-182
-179
-169
-156
-112
-89
-103
-107
-94
-89
-100
-116
-110
-94
-99
-116
-106
-84
-90
-100
-96
-80
-84
-109
-109
-88
-80
-99
-106
-85
-73
-87
-86
-66
-56
-72
-86
-62
-46
-51
-60
-41
-20
-26
-39
-29
-6
-3
-13
-2
27
26
7
14
39
41
29
30
49
56
31
22
29
16
-12
-21
-13
-14
-31
-52
-46
-49
-65
-80
-75
-61
-71
-82
-81
-68
-77
-90
-82
-66
-71
-94
-90
-72
-64
-87
-86
-67
-64
-81
-81
-66
-61
-75
-87
-73
-61
-73
-88
-70
-58
-66
-79
-68
-55
-71
-82
-82
-70
-71
-88
-86
-70
-64
-83
-80
-61
-60
-82
-89
-74
-65
-76
-82
-72
-64
-78
-86
-72
-62
-80
-89
-81
-67
-74
-89
-82
-63
-66
-89
-83
-70
-72
-91
-89
-77
-67
-83
-89
-74
-58
-70
-78
-63
-47
-51
-53
-38
-25
-32
-45
-38
-18
-18
-36
-36
-26
-37
-55
-58
-41
-38
-48
-68
-58
-57
-84
-97
-88
-79
-84
-102
-91
-81
-84
-103
-100
-80
-79
-100
-93
-77
-85
-90
-64
-1
61
116
186
249
267
179
57
-28
-90
-146
-168
-144
-106
-81
-81
-74
-64
-59
-74
-82
-63
-62
-76
-83
-65
-52
-64
-77
-61
-50
-66
-79
-71
-55
-66
-78
-73
-55
-44
-56
-54
-35
-30
-48
-53
-44
-30
-40
-44
-26
-14
-21
-29
-8
16
12
0
7
26
31
25
32
56
51
35
36
58
63
50
37
49
52
31
12
11
6
-8
-34
-29
-22
-42
-64
-60
-48
-51
-65
-64
-55
-59
-75
-82
-63
-60
-84
-86
-66
-64
-79
-90
-66
-63
-87
-97
-82
-68
-74
-94
-75
-70
-72
-92
-86
-59
-62
-83
-87
-70
-70
-88
-89
-76
-77
-95
-96
-78
-68
-85
-92
-82
-73
-82
-90
-78
-70
-79
-95
-85
-68
-77
-93
-91
-72
-66
-84
-97
-76
-76
-91
-98
-84
-76
-89
-98
-85
-71
-85
-96
-87
-69
-83
-92
-88
-70
-74
-94
-88
-78
-72
-87
-87
-60
-59
-71
-68
-42
-29
-46
-47
-29
-14
-32
-46
-39
-29
-49
-68
-64
-43
-49
-67
-68
-58
-64
-87
-98
-80
-85
-107
-115
-99
-87
-95
-107
-93
-81
-88
-109
-98
-88
-93
-113
-94
-41
10
58
129
210
254
215
113
21
-57
-135
-179
-160
-122
-101
-94
-80
-62
-67
-83
-79
-58
-58
-74
-87
-73
-64
-84
-86
-64
-56
-74
-81
-66
-52
-67
-80
-73
-49
-51
-68
-66
-36
-49
-59
-57
-40
-41
-51
-45
-21
-14
-28
-28
-8
-4
-13
-15
5
21
13
9
24
42
33
27
39
59
55
43
44
60
47
24
14
23
10
-15
-28
-19
-24
-41
-52
-34
-41
-62
-78
-64
-55
-64
-80
-68
-58
-68
-85
-74
-62
-64
-82
-78
-58
-64
-75
-76
-60
-64
-80
-86
-60
-60
-78
-84
-66
-57
-71
-81
-70
-56
-70
-81
-72
-53
-58
-81
-79
-60
-59
-80
-80
-67
-55
-75
-82
-70
-60
-71
-83
-80
-63
-71
-89
-85
-66
-66
-83
-82
-68
-68
-80
-80
-64
-61
-75
-86
-72
-62
-75
-90
-83
-64
-78
-94
-83
-70
-74
-81
-75
-64
-69
-82
-80
-58
-46
-59
-56
-27
-21
-30
-42
-22
-7
-16
-37
-34
-24
-42
-63
-56
-32
-42
-64
-66
-57
-63
-83
-93
-76
-76
-98
-104
-88
-75
-84
-99
-95
-83
-91
-107
-96
-84
-95
-94
-59
9
61
114
190
247
233
132
25
-50
-109
-162
-160
-125
-87
-78
-85
-66
-61
-67
-83
-74
-58
-61
-81
-81
-63
-57
-74
-75
-62
-59
-71
-76
-63
-49
-64
-75
-58
-35
-51
-66
-59
-42
-47
-59
-59
-32
-30
-37
-43
-28
-15
-27
-30
-15
1
0
-6
11
22
23
17
30
46
45
38
43
68
63
49
41
58
53
28
17
23
19
-1
-27
-19
-15
-36
-54
-44
-37
-52
-72
-66
-52
-54
-69
-71
-55
-53
-75
-76
-60
-60
-73
-77
-67
-55
-66
-77
-67
-50
-65
-75
-73
-59
-63
-81
-80
-59
-61
-77
-74
-55
-56
-87
-91
-70
-66
-83
-84
-69
-61
-72
-91
-77
-66
-79
-93
-90
-69
-75
-93
-95
-75
-74
-85
-94
-81
-70
-85
-100
-84
-64
-80
-97
-85
-68
-77
-96
-100
-71
-77
-96
-93
-76
-75
-91
-102
-83
-73
-85
-93
-73
-55
-64
-70
-56
-35
-42
-54
-50
-24
-37
-54
-56
-35
-34
-63
-68
-60
-53
-70
-85
-76
-73
-95
-111
-107
-92
-109
-126
-119
-106
-112
-123
-120
-98
-108
-125
-124
-108
-110
-131
-131
-82
-27
19
69
155
232
222
141
41
-40
-120
-187
-193
-154
-122
-118
-105
-85
-89
-107
-105
-89
-90
-103
-111
-89
-84
-94
-107
-94
-79
-90
-104
-100
-81
-89
-104
-101
-79
-74
-94
-93
-71
-68
-87
-89
-63
-59
-75
-80
-61
-44
-56
-66
-53
-29
-32
-43
-36
-17
-11
-20
-7
20
24
6
6
24
29
8
6
22
18
-1
-8
-5
-1
-37
-57
-55
-46
-63
-80
-81
-71
-82
-101
-98
-88
-95
-116
-108
-90
-93
-113
-111
-99
-94
-111
-120
-106
-97
-114
-118
-107
-96
-108
-122
-112
-96
-104
-122
-117
-101
-109
-122
-115
-98
-100
-120
-122
-99
-102
-119
-127
-106
-103
-124
-128
-113
-99
-120
-129
-117
-109
-127
-135
-123
-111
-123
-135
-127
-110
-118
-135
-132
-116
-120
-139
-136
-120
-119
-133
-136
-121
-116
-138
-141
-126
-123
-140
-144
-127
-119
-134
-150
-128
-118
-120
-140
-122
-96
-91
-107
-94
-78
-80
-95
-87
-74
-78
-96
-101
-93
-92
-110
-120
-105
-104
-118
-142
-131
-124
-143
-159
-152
-136
-142
-163
-151
-135
-137
-158
-158
-143
-140
-163
-169
-149
-125
-104
-61
12
102
154
183
159
60
-66
-164
-203
-212
-207
-196
-150
-115
-122
-139
-128
-110
-116
-128
-122
-109
-117
-135
-125
-106
-112
-127
-121
-99
-107
-128
-126
-108
-110
-119
-115
-94
-91
-111
-110
-89
-89
-104
-97
-79
-69
-92
-90
-67
-59
-68
-65
-45
-39
-45
-49
-26
-11
-20
-31
-12
5
3
-11
7
20
14
-9
-5
-2
-13
-43
-43
-38
-60
-77
-77
-67
-77
-103
-99
-84
-91
-113
-108
-99
-97
-112
-113
-92
-91
-110
-118
-108
-101
-119
-121
-105
-95
-106
-126
-108
-99
-107
-124
-108
-92
-102
-116
-108
-90
-95
-117
-110
-93
-94
-113
-116
-96
-100
-111
-110
-94
-90
-112
-121
-104
-99
-116
-121
-107
-97
-111
-120
-108
-92
-105
-120
-112
-96
-112
-125
-111
-101
-102
-120
-113
-90
-95
-119
-114
-107
-105
-120
-119
-104
-103
-118
-116
-94
-86
-96
-92
-68
-59
-76
-82
-54
-46
-55
-68
-65
-58
-80
-99
-89
-76
-91
-106
-98
-95
-118
-133
-134
-125
-138
-152
-147
-126
-131
-146
-140
-119
-123
-135
-140
-124
-127
-141
-128
-77
-17
32
106
188
213
144
42
-46
-126
-191
-208
-183
-148
-127
-116
-106
-98
-103
-127
-119
-98
-98
-112
-116
-98
-97
-114
-114
-98
-98
-114
-113
-99
-96
-110
-121
-102
-86
-104
-111
-96
-80
-91
-102
-83
-63
-77
-88
-80
-60
-61
-70
-61
-44
-39
-53
-43
-25
-17
-22
-21
2
8
1
-2
16
31
17
5
21
12
0
-20
-14
-18
-45
-59
-53
-47
-66
-82
-82
-72
-86
-106
-97
-83
-93
-108
-106
-87
-91
-105
-101
-94
-96
-109
-107
-89
-86
-101
-108
-89
-89
-101
-102
-93
-89
-102
-113
-88
-84
-99
-114
-98
-85
-93
-106
-93
-84
-96
-106
-89
-86
-95
-112
-98
-79
-90
-109
-102
-85
-97
-111
-106
-89
-96
-109
-109
-91
-90
-106
-113
-91
-83
-102
-106
-98
-90
-101
-116
-98
-88
-102
-115
-99
-79
-87
-102
-84
-66
-61
-76
-61
-50
-52
-66
-56
-44
-42
-66
-72
-62
-56
-83
-92
-76
-66
-90
-100
-86
-84
-105
-126
-114
-109
-119
-131
-115
-100
-104
-127
-117
-104
-112
-130
-128
-111
-93
-75
-17
68
139
187
217
191
96
-28
-111
-156
-162
-166
-148
-103
-78
-86
-100
-87
-80
-100
-106
-82
-78
-93
-100
-83
-72
-82
-97
-87
-73
-88
-98
-87
-73
-82
-97
-85
-67
-72
-88
-80
-63
-64
-77
-68
-56
-59
-62
-56
-33
-34
-50
-37
-15
0
-13
-11
6
14
4
10
27
36
25
22
39
45
27
15
23
29
6
-12
-10
-8
-24
-48
-49
-46
-61
-77
-74
-57
-69
-90
-92
-79
-82
-96
-97
-83
-80
-93
-99
-80
-76
-104
-103
-87
-82
-97
-101
-81
-81
-102
-106
-85
-76
-95
-102
-89
-77
-97
-105
-95
-90
-94
-109
-96
-87
-98
-117
-110
-91
-101
-109
-99
-90
-98
-114
-108
-90
-98
-112
-108
-94
-102
-119
-116
-98
-98
-116
-116
-96
-94
-112
-114
-100
-92
-113
-115
-102
-92
-109
-117
-98
-85
-96
-99
-83
-60
-65
-77
-72
-52
-53
-68
-71
-53
-53
-81
-83
-72
-73
-93
-101
-90
-85
-113
-124
-116
-106
-131
-147
-133
-119
-136
-140
-126
-113
-128
-142
-133
-120
-133
-155
-150
-112
-75
-35
43
136
202
198
151
52
-51
-147
-194
-193
-174
-173
-153
-113
-100
-127
-128
-104
-100
-120
-133
-115
-105
-118
-125
-113
-99
-114
-119
-108
-95
-104
-121
-114
-89
-97
-109
-100
-84
-93
-104
-100
-80
-84
-101
-98
-73
-69
-79
-80
-58
-55
-62
-64
-41
-32
-42
-38
-18
-8
-23
-20
-7
5
-2
-7
0
5
-10
-31
-28
-21
-41
-61
-57
-57
-74
-95
-100
-84
-95
-115
-117
-106
-111
-122
-127
-110
-114
-132
-133
-120
-116
-132
-133
-112
-112
-134
-128
-119
-108
-133
-139
-117
-117
-126
-134
-125
-112
-125
-132
-118
-106
-115
-130
-128
-114
-120
-135
-123
-106
-116
-130
-127
-105
-116
-133
-132
-112
-116
-133
-134
-115
-112
-133
-129
-113
-115
-127
-136
-113
-110
-131
-132
-116
-111
-128
-136
-121
-112
-124
-138
-125
-114
-128
-140
-126
-104
-107
-121
-102
-73
-79
-94
-89
-70
-64
-73
-72
-56
-64
-89
-94
-83
-92
-102
-104
-91
-94
-127
-138
-126
-129
-146
-149
-132
-132
-142
-149
-133
-122
-142
-146
-128
-120
-138
-152
-139
-97
-65
-25
56
153
202
195
132
38
-69
-165
-213
-205
-181
-167
-142
-92
-84
-106
-111
-95
-95
-110
-114
-94
-88
-110
-110
-86
-85
-98
-106
-85
-70
-87
-97
-84
-74
-85
-91
-78
-61
-65
-82
-73
-57
-58
-69
-61
-46
-48
-59
-47
-25
-22
-28
-27
0
3
-8
-8
13
24
20
21
38
44
35
28
43
46
29
17
20
24
3
-16
-14
-12
-37
-57
-50
-40
-56
-70
-60
-50
-60
-76
-73
-53
-66
-82
-84
-64
-66
-82
-84
-63
-63
-89
-92
-73
-61
-81
-87
-64
-58
-74
-85
-72
-61
-71
-86
-68
-57
-74
-84
-70
-55
-69
-83
-79
-62
-72
-88
-78
-59
-66
-87
-80
-68
-72
-88
-89
-70
-74
-91
-96
-71
-71
-89
-93
-77
-73
-89
-95
-75
-68
-93
-102
-87
-73
-85
-96
-75
-63
-64
-69
-50
-32
-38
-52
-44
-20
-28
-42
-38
-23
-43
-70
-69
-49
-55
-75
-82
-74
-77
-97
-109
-96
-105
-122
-124
-107
-100
-123
-126
-104
-93
-113
-122
-105
-97
-110
-120
-75
-10
41
98
187
248
218
120
8
-73
-154
-198
-182
-128
-109
-108
-87
-76
-85
-101
-90
-74
-85
-98
-91
-72
-82
-96
-92
-68
-71
-91
-84
-74
-77
-93
-92
-71
-68
-85
-82
-62
-57
-70
-77
-51
-44
-55
-63
-45
-34
-44
-52
-23
-9
-16
-21
-1
13
7
2
14
35
26
24
38
59
49
33
44
52
31
15
10
21
5
-21
-30
-29
-36
-64
-70
-52
-66
-88
-87
-78
-86
-100
-105
-93
-88
-111
-120
-98
-95
-115
-122
-103
-103
-119
-135
-122
-116
-126
-143
-128
-116
-132
-141
-134
-120
-134
-149
-137
-125
-141
-150
-141
-126
-134
-154
-145
-127
-134
-153
-151
-129
-123
-149
-152
-135
-134
-149
-157
-144
-128
-147
-154
-136
-127
-141
-155
-136
-124
-139
-153
-138
-124
-132
-142
-118
-94
-105
-112
-96
-74
-83
-90
-90
-66
-77
-96
-102
-95
-96
-124
-124
-105
-106
-137
-146
-137
-135
-153
-164
-144
-137
-158
-165
-148
-140
-152
-157
-141
-134
-153
-172
-148
-121
-93
-48
31
115
173
182
134
49
-67
-165
-214
-199
-184
-172
-140
-115
-125
-139
-126
-106
-120
-133
-123
-111
-119
-134
-121
-103
-110
-130
-126
-108
-118
-135
-128
-98
-93
-125
-126
-108
-106
-119
-127
-103
-91
-101
-107
-89
-76
-87
-89
-64
-59
-72
-79
-62
-38
-48
-54
-40
-17
-20
-39
-21
-5
-8
-17
-12
0
-2
-24
-27
-20
-34
-59
-68
-61
-63
-87
-102
-93
-90
-109
-118
-104
-97
-113
-130
-113
-107
-122
-135
-122
-101
-115
-136
-117
-105
-110
-127
-120
-101
-102
-119
-117
-105
-109
-128
-122
-106
-100
-122
-119
-102
-102
-120
-118
-102
-98
-125
-127
-105
-99
-113
-118
-99
-94
-115
-124
-103
-95
-106
-119
-105
-93
-103
-128
-114
-99
-110
-128
-112
-100
-112
-117
-108
-94
-105
-117
-109
-90
-91
-101
-89
-63
-63
-75
-76
-49
-44
-58
-56
-36
-36
-61
-75
-63
-59
-79
-90
-77
-77
-101
-123
-111
-103
-114
-136
-126
-112
-122
-138
-125
-108
-114
-130
-126
-102
-115
-141
-143
-110
-79
-45
15
108
178
209
199
131
26
-88
-164
-174
-162
-159
-141
-101
-77
-95
-110
-88
-77
-93
-106
-96
-81
-90
-108
-98
-79
-85
-106
-97
-78
-85
-98
-94
-68
-75
-95
-89
-70
-67
-78
-72
-51
-54
-75
-72
-48
-32
-45
-57
-36
-24
-34
-44
-23
2
-11
-17
-5
17
18
18
37
56
49
26
37
52
41
18
5
15
5
-26
-24
-14
-18
-50
-56
-50
-53
-75
-76
-59
-54
-75
-84
-64
-64
-92
-111
-101
-89
-96
-112
-104
-80
-100
-119
-111
-95
-105
-130
-123
-107
-105
-120
-119
-98
-104
-123
-125
-113
-104
-116
-121
-104
-91
-126
-141
-132
-119
-132
-141
-127
-111
-128
-142
-130
-107
-122
-134
-127
-113
-111
-134
-133
-109
-100
-117
-121
-118
-112
-133
-137
-114
-109
-123
-130
-119
-99
-112
-123
-102
-79
-81
-88
-80
-58
-64
-79
-68
-48
-57
-82
-86
-74
-86
-99
-93
-78
-78
-103
-113
-101
-95
-128
-144
-126
-118
-138
-145
-123
-110
-126
-141
-124
-107
-127
-147
-143
-113
-96
-58
17
108
179
213
198
125
4
-102
-162
-176
-174
-164
-140
-98
-85
-107
-118
-92
-92
-106
-114
-89
-78
-94
-98
-88
-79
-88
-99
-82
-72
-84
-97
-81
-65
-80
-90
-84
-60
-67
-78
-74
-58
-61
-76
-68
-50
-43
-58
-55
-30
-26
-40
-43
-16
-2
-16
-13
4
24
12
2
27
44
36
26
36
45
36
13
15
22
14
-13
-14
2
-16
-44
-51
-36
-38
-60
-69
-50
-48
-74
-68
-53
-48
-72
-79
-63
-54
-72
-75
-65
-57
-74
-90
-72
-62
-70
-84
-70
-53
-63
-77
-68
-50
-56
-74
-59
-47
-50
-76
-72
-58
-56
-73
-76
-54
-47
-72
-72
-55
-54
-69
-74
-56
-48
-68
-75
-63
-49
-68
-83
-67
-45
-58
-77
-63
-49
-54
-71
-64
-45
-55
-76
-69
-48
-44
-66
-61
-41
-31
-39
-38
-14
-2
-19
-23
-4
7
-9
-18
-9
-3
-24
-46
-34
-17
-22
-52
-52
-46
-57
-76
-76
-64
-70
-94
-96
-72
-72
-85
-95
-85
-81
-96
-98
-89
-88
-95
-68
0
73
131
200
263
243
139
27
-58
-111
-151
-154
-115
-65
-60
-68
-64
-46
-54
-70
-66
-46
-52
-68
-54
-41
-43
-56
-52
-37
-41
-64
-54
-31
-28
-51
-56
-36
-26
-42
-39
-30
-23
-34
-39
-19
-4
-22
-20
-3
14
3
-2
14
36
24
16
36
60
54
47
60
79
79
69
81
93
90
72
74
86
70
50
46
50
39
9
1
12
14
-8
-25
-6
-4
-26
-30
-14
-12
-22
-27
-16
-8
-19
-35
-24
-13
-22
-35
-25
-9
-18
-31
-26
-9
-20
-39
-33
-16
-18
-38
-33
-16
-9
-30
-31
-12
-17
-26
-33
-17
-8
-25
-30
-17
-9
-29
-40
-17
-8
-22
-34
-18
-5
-24
-32
-18
-7
-25
-37
-20
-8
-19
-26
-16
-3
-16
-33
-26
-7
-12
-25
-14
9
8
1
10
32
31
17
24
48
46
24
24
35
33
3
-13
4
14
-6
-28
-20
-14
-28
-50
-44
-27
-33
-54
-50
-32
-45
-58
-52
-36
-41
-58
-52
-46
-47
-46
3
76
146
196
262
299
239
111
10
-51
-98
-119
-98
-54
-16
-23
-30
-20
-6
-27
-38
-27
-13
-21
-41
-30
-10
-19
-35
-26
-4
-9
-35
-24
-8
-15
-28
-22
-3
-7
-24
-31
-1
1
-10
-15
6
13
2
-2
19
26
20
20
37
55
42
35
54
75
70
60
78
102
102
88
97
118
107
84
91
100
97
71
60
67
56
34
25
33
27
5
-6
10
10
-4
-15
1
10
-6
-20
-8
3
-7
-23
-10
3
-2
-23
-17
7
-1
-14
-6
6
-1
-19
-19
-2
-2
-20
-17
-2
2
-20
-26
-14
0
-18
-27
-6
0
-17
-33
-12
-1
-16
-30
-16
-2
-12
-31
-16
-2
-10
-31
-17
-3
-10
-29
-26
-8
-12
-28
-26
-6
-1
-16
-22
-3
3
-14
-25
-12
4
-8
-15
10
36
28
14
25
35
29
14
29
45
29
8
3
16
6
-15
-5
10
-2
-29
-34
-29
-27
-50
-48
-33
-27
-48
-59
-41
-32
-46
-59
-43
-40
-66
-78
-44
6
46
102
193
284
303
238
150
65
-22
-101
-115
-85
-74
-67
-42
-15
-26
-49
-47
-27
-29
-47
-43
-24
-22
-40
-45
-29
-20
-42
-41
-23
-13
-39
-42
-26
-18
-35
-38
-19
-10
-35
-47
-25
-4
-16
-28
-14
3
-5
-17
1
25
18
5
17
36
30
22
36
60
61
42
54
66
75
47
53
69
70
47
40
48
41
8
-8
2
4
-31
-37
-26
-20
-41
-52
-42
-24
-39
-63
-54
-43
-50
-69
-57
-45
-54
-78
-64
-50
-51
-76
-70
-50
-56
-72
-73
-50
-49
-70
-72
-49
-53
-67
-71
-55
-55
-71
-69
-54
-48
-72
-79
-62
-53
-68
-82
-63
-56
-75
-87
-74
-52
-62
-80
-77
-63
-73
-85
-72
-55
-59
-84
-86
-71
-71
-88
-81
-63
-67
-73
-79
-68
-74
-88
-88
-63
-52
-64
-70
-46
-25
-41
-41
-21
-10
-28
-34
-24
-7
-27
-55
-48
-33
-44
-60
-59
-43
-56
-83
-87
-78
-68
-98
-97
-79
-73
-92
-100
-85
-83
-103
-104
-84
-75
-96
-112
-83
-48
-12
36
129
212
246
222
144
46
-51
-133
-160
-135
-129
-117
-82
-51
-60
-74
-64
-54
-54
-76
-73
-50
-64
-77
-74
-53
-48
-61
-64
-41
-46
-64
-70
-48
-43
-58
-60
-36
-24
-51
-55
-36
-31
-40
-45
-27
-2
-22
-32
-10
8
-4
-10
5
26
25
15
23
50
49
37
49
68
65
46
53
69
60
35
31
43
34
10
-3
5
13
-13
-30
-17
-17
-38
-56
-43
-28
-41
-61
-48
-34
-45
-58
-54
-36
-46
-64
-60
-50
-50
-69
-63
-50
-50
-66
-67
-46
-46
-61
-64
-44
-40
-62
-68
-49
-41
-58
-58
-43
-30
-51
-61
-49
-33
-45
-64
-53
-39
-51
-64
-61
-47
-46
-65
-59
-44
-47
-66
-58
-42
-37
-59
-63
-48
-43
-61
-57
-45
-41
-61
-73
-56
-46
-57
-70
-55
-45
-52
-58
-35
-11
-17
-26
-16
7
1
-13
-12
4
-11
-33
-32
-16
-32
-50
-50
-37
-48
-73
-79
-67
-62
-87
-94
-80
-71
-84
-96
-81
-69
-80
-91
-74
-62
-82
-103
-86
-47
-15
34
115
201
253
241
186
96
-15
-117
-153
-135
-108
-98
-72
-38
-40
-55
-63
-50
-44
-58
-69
-55
-37
-52
-63
-51
-41
-46
-52
-41
-33
-45
-68
-47
-29
-38
-60
-46
-20
-18
-42
-37
-15
-2
-28
-25
-8
3
-13
-18
-2
21
10
2
22
42
34
34
52
67
62
52
69
86
80
66
76
95
82
56
52
61
43
15
8
20
21
-10
-25
-12
-8
-26
-44
-21
-18
-27
-41
-28
-16
-32
-48
-35
-19
-29
-42
-32
-18
-31
-47
-32
-18
-18
-43
-44
-20
-23
-40
-45
-24
-20
-31
-44
-24
-17
-38
-51
-32
-20
-34
-54
-39
-26
-42
-57
-37
-22
-36
-46
-46
-25
-35
-45
-40
-22
-44
-60
-59
-39
-42
-54
-54
-34
-35
-59
-62
-45
-37
-54
-58
-48
-35
-55
-67
-49
-28
-39
-41
-16
-3
-12
-22
-7
11
-2
-22
-15
-7
-27
-49
-40
-14
-29
-58
-66
-61
-68
-89
-92
-74
-79
-95
-109
-91
-84
-103
-113
-91
-81
-93
-104
-93
-90
-96
-93
-44
23
79
143
228
273
212
95
0
-67
-130
-166
-149
-106
-82
-85
-76
-55
-57
-76
-82
-61
-52
-72
-75
-61
-54
-77
-85
-61
-54
-68
-76
-58
-50
-59
-69
-50
-40
-61
-77
-54
-34
-44
-58
-40
-27
-35
-45
-32
-5
-6
-19
-11
14
14
0
3
27
27
16
25
56
60
46
51
73
74
52
46
62
57
32
16
22
18
-5
-18
-8
-11
-36
-45
-29
-27
-47
-60
-48
-31
-51
-70
-55
-36
-48
-63
-47
-29
-43
-62
-52
-41
-49
-64
-54
-38
-44
-69
-60
-45
-50
-68
-61
-37
-41
-57
-57
-43
-41
-60
-64
-42
-40
-55
-62
-45
-42
-61
-65
-47
-43
-60
-66
-49
-31
-52
-64
-52
-35
-55
-71
-58
-43
-47
-57
-51
-39
-45
-61
-53
-33
-36
-60
-62
-43
-41
-51
-48
-25
-20
-41
-41
-12
-2
-14
-20
0
14
6
-8
2
0
-16
-33
-24
-7
-23
-42
-31
-29
-48
-69
-61
-51
-69
-87
-79
-60
-71
-89
-79
-67
-73
-89
-78
-58
-70
-104
-92
-46
1
48
128
230
275
252
164
76
-26
-114
-150
-132
-118
-109
-84
-48
-51
-67
-67
-46
-52
-80
-78
-57
-56
-71
-72
-51
-45
-71
-74
-57
-54
-68
-67
-48
-41
-57
-66
-47
-35
-53
-56
-39
-22
-42
-58
-41
-22
-23
-38
-27
-7
-10
-26
-8
22
23
15
22
47
38
24
28
50
49
35
41
56
48
20
10
22
13
-16
-32
-22
-27
-44
-55
-39
-29
-56
-72
-62
-55
-77
-90
-75
-63
-76
-93
-87
-68
-81
-93
-80
-69
-82
-99
-93
-71
-85
-95
-88
-71
-74
-94
-98
-81
-78
-96
-92
-78
-83
-101
-102
-87
-76
-96
-94
-81
-74
-91
-100
-91
-92
-103
-108
-83
-82
-96
-107
-90
-75
-97
-113
-99
-85
-102
-114
-103
-94
-103
-112
-106
-88
-102
-110
-96
-85
-94
-117
-111
-92
-96
-112
-98
-78
-82
-89
-76
-47
-48
-66
-61
-37
-33
-55
-55
-38
-49
-75
-87
-64
-63
-82
-92
-83
-83
-104
-122
-114
-99
-119
-132
-119
-112
-125
-135
-122
-105
-120
-129
-120
-111
-130
-134
-104
-43
10
66
146
223
224
134
21
-59
-136
-203
-216
-178
-152
-142
-133
-110
-109
-129
-141
-127
-122
-147
-154
-138
-133
-160
-177
-159
-156
-172
-184
-172
-167
-185
-193
-184
-171
-189
-196
-185
-170
-182
-196
-180
-169
-176
-187
-175
-158
-164
-169
-153
-138
-145
-158
-136
-112
-112
-130
-108
-91
-94
-107
-92
-70
-72
-89
-87
-67
-79
-101
-103
-97
-96
-126
-134
-122
-128
-148
-152
-137
-132
-150
-154
-144
-143
-158
-162
-152
-138
-152
-162
-147
-134
-147
-158
-146
-130
-145
-156
-146
-126
-133
-149
-132
-119
-127
-147
-132
-105
-117
-142
-139
-123
-127
-138
-132
-113
-123
-136
-132
-115
-120
-141
-140
-124
-115
-136
-137
-117
-115
-134
-134
-120
-108
-130
-133
-123
-110
-118
-132
-127
-113
-126
-139
-118
-107
-117
-136
-118
-107
-119
-135
-118
-98
-95
-107
-94
-61
-71
-82
-76
-64
-64
-80
-80
-68
-76
-100
-111
-104
-116
-139
-144
-127
-132
-161
-171
-160
-158
-179
-190
-178
-171
-196
-200
-177
-178
-194
-205
-192
-187
-205
-226
-202
-172
-142
-102
-8
81
122
101
19
-82
-189
-289
-321
-291
-271
-267
-256
-239
-240
-256
-248
-220
-223
-239
-242
-224
-223
-237
-235
-220
-212
-231
-237
-222
-207
-222
-234
-226
-210
-222
-228
-213
-198
-209
-220
-204
-185
-190
-206
-188
-171
-172
-182
-173
-151
-140
-148
-146
-119
-110
-119
-113
-89
-72
-81
-81
-56
-29
-41
-47
-35
-24
-48
-64
-64
-51
-67
-91
-94
-93
-110
-130
-128
-119
-128
-145
-146
-136
-136
-159
-155
-134
-136
-152
-156
-136
-138
-152
-156
-138
-132
-153
-154
-142
-125
-149
-155
-142
-134
-153
-159
-145
-126
-137
-157
-154
-127
-135
-146
-143
-128
-129
-149
-145
-127
-132
-149
-148
-128
-124
-138
-151
-136
-127
-140
-146
-133
-117
-129
-141
-135
-119
-123
-134
-133
-114
-113
-130
-123
-106
-100
-126
-132
-109
-101
-125
-125
-101
-90
-95
-99
-77
-58
-70
-74
-61
-42
-48
-64
-52
-40
-55
-76
-75
-62
-69
-95
-89
-69
-77
-105
-116
-99
-98
-119
-126
-111
-104
-120
-125
-111
-95
-113
-112
-99
-88
-116
-135
-107
-69
-30
17
110
204
242
201
122
23
-72
-147
-166
-139
-122
-121
-94
-70
-72
-92
-91
-70
-79
-93
-84
-70
-65
-75
-81
-61
-62
-76
-91
-75
-62
-76
-86
-68
-54
-68
-78
-69
-48
-62
-68
-62
-39
-40
-50
-45
-21
-20
-32
-19
2
3
-14
-4
21
23
11
23
51
62
44
46
67
74
59
50
72
80
56
34
40
57
28
-1
2
4
-9
-31
-31
-17
-32
-50
-47
-30
-44
-56
-56
-39
-42
-62
-65
-47
-41
-55
-57
-46
-38
-55
-61
-47
-35
-55
-67
-57
-40
-56
-70
-48
-38
-51
-66
-53
-40
-37
-55
-49
-34
-46
-68
-65
-42
-53
-64
-54
-35
-35
-64
-68
-54
-52
-64
-72
-52
-51
-65
-67
-55
-52
-64
-68
-57
-47
-66
-69
-57
-41
-65
-76
-61
-53
-64
-77
-55
-30
-40
-54
-48
-21
-27
-42
-29
-8
-10
-24
-13
1
-12
-28
-32
-17
-28
-43
-44
-31
-41
-65
-74
-64
-64
-93
-91
-76
-77
-96
-100
-80
-76
-94
-98
-78
-69
-87
-105
-96
-81
-74
-38
29
120
192
244
255
207
88
-34
-105
-137
-143
-141
-122
-76
-57
-75
-83
-66
-62
-73
-76
-60
-61
-73
-85
-65
-60
-72
-81
-58
-38
-52
-71
-64
-51
-54
-70
-66
-43
-48
-67
-62
-37
-35
-56
-57
-39
-27
-39
-45
-19
-16
-18
-12
19
32
7
1
22
41
24
17
37
54
45
32
45
59
46
27
26
41
23
-5
-10
0
-9
-38
-39
-23
-32
-52
-64
-48
-54
-75
-85
-62
-56
-76
-86
-66
-60
-74
-89
-78
-61
-68
-82
-73
-60
-69
-86
-75
-52
-61
-75
-66
-50
-60
-80
-80
-65
-61
-77
-67
-55
-58
-81
-88
-64
-59
-67
-80
-64
-51
-62
-78
-64
-48
-63
-72
-62
-50
-61
-85
-77
-54
-64
-80
-68
-50
-58
-77
-72
-58
-58
-78
-78
-53
-51
-73
-78
-62
-60
-77
-80
-51
-37
-56
-69
-52
-38
-43
-43
-20
-11
-19
-23
-10
6
-11
-35
-36
-24
-34
-52
-45
-26
-38
-66
-70
-58
-67
-81
-83
-68
-67
-82
-82
-61
-69
-89
-88
-68
-64
-86
-97
-78
-61
-33
12
101
181
234
267
248
148
11
-80
-123
-130
-128
-114
-73
-44
-50
-63
-48
-40
-55
-74
-56
-48
-58
-68
-54
-41
-51
-64
-60
-41
-48
-61
-55
-43
-44
-62
-50
-30
-32
-56
-51
-30
-27
-45
-40
-15
-13
-31
-29
-9
0
-7
-8
15
28
17
12
29
48
39
30
50
63
59
49
65
84
70
49
55
62
43
19
21
22
7
-21
-17
-1
-12
-35
-44
-19
-28
-44
-45
-24
-24
-44
-52
-40
-32
-53
-57
-36
-31
-48
-64
-50
-38
-50
-60
-39
-23
-41
-59
-43
-31
-34
-53
-46
-29
-29
-47
-42
-28
-33
-52
-48
-32
-40
-58
-56
-29
-28
-43
-53
-35
-29
-50
-54
-34
-29
-44
-49
-38
-26
-45
-65
-51
-35
-43
-54
-43
-29
-39
-57
-43
-29
-39
-50
-43
-27
-33
-52
-38
-15
-11
-21
-7
12
23
3
3
28
28
5
-1
14
13
-14
-22
-1
0
-24
-36
-24
-23
-43
-54
-45
-39
-56
-72
-50
-38
-61
-61
-52
-44
-60
-69
-58
-55
-74
-69
-16
56
113
182
265
307
247
113
15
-62
-123
-141
-105
-70
-50
-58
-53
-35
-49
-62
-59
-37
-36
-61
-67
-44
-44
-59
-62
-39
-41
-64
-69
-47
-39
-59
-64
-56
-49
-68
-72
-52
-42
-61
-68
-47
-35
-43
-60
-43
-28
-36
-45
-18
-1
-8
-23
-7
16
14
6
15
43
37
22
29
52
45
29
27
44
33
9
3
12
-2
-26
-42
-34
-38
-66
-66
-46
-52
-75
-83
-60
-54
-68
-80
-66
-54
-70
-82
-68
-52
-73
-93
-72
-60
-70
-87
-70
-60
-70
-89
-80
-63
-72
-87
-74
-57
-60
-85
-78
-63
-68
-82
-78
-58
-57
-77
-78
-62
-66
-84
-84
-64
-58
-78
-85
-65
-61
-78
-86
-69
-64
-81
-87
-76
-59
-74
-85
-70
-66
-79
-90
-72
-54
-64
-83
-71
-54
-60
-75
-60
-34
-32
-40
-32
-10
-17
-34
-26
-4
2
-24
-30
-12
-15
-41
-42
-28
-28
-51
-59
-51
-56
-74
-89
-70
-58
-74
-86
-66
-55
-72
-84
-64
-57
-70
-83
-72
-70
-75
-69
-14
55
117
179
262
303
240
108
15
-48
-104
-130
-109
-71
-52
-51
-47
-28
-36
-57
-52
-34
-25
-47
-50
-32
-28
-52
-55
-36
-28
-43
-50
-41
-32
-44
-51
-43
-27
-44
-61
-41
-32
-44
-60
-48
-35
-45
-53
-47
-25
-30
-45
-35
-10
-12
-20
-20
2
2
-9
-6
16
22
7
1
22
33
5
-11
2
9
-12
-40
-31
-31
-58
-77
-72
-75
-87
-112
-106
-99
-109
-126
-118
-104
-111
-132
-126
-111
-109
-134
-142
-128
-133
-148
-147
-126
-130
-153
-162
-135
-130
-148
-153
-141
-144
-168
-171
-152
-143
-155
-166
-156
-140
-156
-166
-160
-143
-156
-171
-160
-146
-154
-170
-163
-156
-154
-172
-163
-144
-144
-162
-169
-156
-155
-170
-164
-150
-150
-170
-176
-150
-140
-146
-160
-148
-140
-150
-166
-162
-146
-153
-161
-146
-129
-139
-147
-132
-121
-117
-120
-112
-98
-99
-111
-98
-78
-84
-109
-111
-100
-103
-122
-122
-107
-106
-133
-146
-139
-132
-150
-165
-148
-138
-153
-162
-146
-139
-149
-164
-149
-132
-138
-165
-162
-152
-142
-115
-56
33
114
175
209
178
60
-76
-155
-196
-210
-215
-195
-153
-128
-145
-144
-131
-116
-139
-143
-134
-128
-147
-152
-132
-125
-140
-150
-136
-124
-129
-135
-127
-109
-124
-136
-125
-113
-121
-129
-126
-106
-105
-116
-116
-99
-93
-105
-105
-79
-72
-90
-91
-66
-63
-76
-74
-50
-39
-47
-43
-15
-1
-19
-26
-8
0
-23
-34
-30
-29
-49
-76
-69
-62
-80
-102
-96
-85
-106
-125
-112
-103
-109
-133
-119
-107
-115
-135
-132
-116
-117
-138
-140
-118
-119
-137
-138
-122
-119
-136
-138
-123
-119
-131
-141
-123
-107
-120
-128
-124
-107
-119
-137
-128
-108
-118
-133
-129
-110
-110
-126
-128
-106
-106
-134
-130
-114
-114
-130
-129
-116
-110
-124
-135
-118
-112
-125
-134
-117
-107
-117
-133
-126
-109
-119
-135
-130
-109
-113
-128
-124
-108
-116
-126
-126
-105
-106
-117
-119
-92
-79
-97
-91
-70
-71
-85
-83
-61
-53
-75
-83
-78
-81
-100
-115
-94
-83
-105
-121
-114
-109
-136
-147
-138
-128
-145
-153
-139
-123
-146
-152
-138
-120
-132
-151
-147
-136
-136
-124
-62
25
93
153
204
200
98
-37
-130
-178
-202
-211
-200
-156
-128
-141
-141
-125
-113
-128
-138
-125
-118
-132
-143
-133
-116
-130
-139
-121
-109
-127
-139
-118
-106
-124
-138
-126
-110
-109
-128
-113
-101
-107
-125
-112
-89
-85
-101
-101
-78
-76
-98
-93
-72
-60
-72
-68
-50
-34
-45
-45
-21
-6
-22
-28
-12
-1
-20
-36
-24
-14
-35
-58
-57
-56
-77
-100
-93
-83
-103
-112
-109
-97
-113
-137
-130
-112
-114
-131
-131
-114
-114
-132
-136
-122
-117
-129
-133
-124
-120
-136
-138
-119
-113
-133
-141
-122
-110
-125
-126
-115
-111
-125
-131
-117
-108
-120
-139
-124
-105
-122
-138
-125
-112
-127
-134
-119
-111
-122
-139
-133
-110
-118
-137
-130
-110
-119
-135
-136
-115
-116
-138
-141
-119
-117
-132
-134
-117
-110
-133
-138
-123
-109
-127
-132
-119
-104
-111
-107
-86
-66
-78
-94
-78
-56
-65
-84
-81
-64
-80
-115
-107
-92
-93
-112
-117
-99
-110
-132
-142
-122
-118
-138
-149
-125
-115
-134
-140
-124
-117
-136
-144
-132
-124
-142
-146
-106
-53
-4
62
148
229
230
144
37
-56
-144
-197
-190
-144
-134
-131
-111
-92
-99
-127
-125
-104
-102
-121
-122
-102
-101
-114
-115
-93
-99
-116
-117
-101
-93
-118
-122
-95
-94
-108
-108
-92
-86
-97
-100
-82
-69
-84
-93
-73
-56
-67
-75
-56
-40
-45
-56
-40
-16
-20
-29
-15
5
10
-7
2
30
28
10
9
28
18
-8
-24
-16
-23
-46
-59
-48
-48
-70
-91
-82
-72
-88
-112
-96
-88
-106
-125
-108
-92
-107
-117
-104
-92
-102
-114
-115
-97
-100
-120
-116
-98
-101
-120
-124
-101
-100
-122
-122
-110
-97
-111
-124
-112
-101
-119
-126
-109
-99
-110
-128
-107
-97
-109
-128
-121
-107
-112
-125
-114
-93
-104
-122
-110
-97
-102
-122
-115
-97
-96
-117
-116
-99
-95
-112
-111
-96
-86
-101
-112
-88
-90
-105
-114
-98
-82
-100
-108
-87
-63
-67
-68
-48
-41
-48
-61
-45
-33
-48
-67
-64
-53
-69
-88
-74
-57
-62
-88
-88
-88
-93
-113
-115
-100
-106
-124
-119
-104
-99
-112
-114
-97
-89
-105
-120
-109
-106
-90
-57
20
109
184
238
269
205
74
-38
-106
-142
-156
-154
-128
-88
-74
-93
-88
-72
-70
-95
-92
-67
-72
-85
-82
-68
-61
-79
-78
-63
-58
-70
-77
-57
-48
-62
-76
-61
-51
-60
-63
-44
-32
-48
-60
-45
-28
-36
-39
-26
-5
-9
-26
-15
18
12
-1
14
40
38
24
39
60
66
43
47
70
68
44
37
54
51
28
7
17
12
-10
-30
-22
-15
-36
-55
-46
-39
-53
-63
-62
-42
-51
-71
-63
-43
-53
-76
-72
-50
-58
-71
-73
-53
-53
-73
-73
-54
-46
-68
-72
-65
-59
-84
-85
-62
-47
-59
-69
-54
-46
-51
-70
-67
-54
-66
-85
-69
-50
-59
-72
-66
-43
-45
-63
-66
-51
-53
-79
-72
-57
-52
-75
-76
-62
-51
-62
-64
-57
-45
-62
-73
-64
-52
-68
-80
-68
-56
-64
-81
-72
-54
-62
-77
-62
-38
-44
-54
-36
-15
-17
-29
-36
-11
-11
-24
-26
2
-4
-25
-34
-21
-19
-39
-49
-35
-43
-58
-71
-60
-66
-81
-87
-72
-63
-80
-91
-70
-53
-71
-82
-71
-57
-80
-96
-82
-32
10
58
137
234
293
275
199
96
-5
-99
-145
-127
-102
-103
-80
-43
-35
-51
-60
-46
-43
-55
-62
-45
-33
-47
-54
-42
-27
-43
-59
-41
-29
-35
-46
-41
-13
-24
-36
-33
-10
-16
-29
-29
-5
-5
-23
-18
10
15
-3
-2
25
39
20
19
42
57
43
37
63
82
72
56
69
98
93
74
80
96
90
62
57
69
60
28
22
27
26
4
-10
0
0
-16
-27
-7
-4
-21
-37
-20
-11
-21
-41
-32
-15
-27
-37
-27
-7
-17
-41
-32
-14
-20
-32
-29
-10
-11
-33
-31
-8
-13
-30
-28
-14
-9
-28
-34
-15
-7
-21
-29
-10
-4
-29
-38
-22
-12
-23
-44
-28
-11
-21
-43
-29
-12
-16
-43
-34
-17
-27
-41
-39
-23
-24
-40
-35
-13
-18
-44
-40
-24
-13
-30
-39
-24
-16
-30
-40
-28
-15
-34
-42
-22
-7
-9
-13
4
22
21
-2
12
35
36
12
17
24
11
-12
-17
4
10
-17
-25
-17
-19
-42
-58
-40
-35
-53
-63
-49
-30
-43
-66
-64
-43
-51
-60
-54
-40
-50
-63
-27
34
94
153
231
304
303
201
85
0
-70
-124
-115
-74
-45
-40
-36
-22
-12
-29
-44
-30
-10
-22
-41
-32
-15
-27
-43
-28
-9
-15
-36
-28
-7
-12
-31
-27
-6
-6
-19
-19
2
13
-9
-18
8
25
10
-5
12
33
24
23
38
62
48
41
60
81
82
73
79
107
111
93
101
124
126
105
108
117
110
87
77
84
85
51
35
47
59
31
16
17
23
9
-4
9
20
9
-9
-3
13
13
-6
-9
13
12
-2
-4
13
21
0
-9
13
25
16
-1
14
23
7
-6
12
26
13
-7
1
26
22
2
3
20
15
-6
-6
17
17
7
0
19
24
6
-2
13
16
0
-5
7
16
6
-4
13
27
8
-2
17
26
10
-4
2
19
19
-2
9
33
26
4
7
27
24
1
1
34
34
20
23
52
71
59
55
77
89
72
67
70
80
61
39
54
63
53
35
45
50
34
9
18
30
15
-4
5
20
14
-6
7
19
24
0
8
23
21
-7
-10
20
64
90
147
242
336
365
341
268
179
67
-16
-39
-13
0
7
39
67
51
25
37
61
56
37
47
66
63
42
39
67
70
47
53
69
80
60
55
73
88
63
61
81
90
73
67
86
105
92
86
101
117
110
100
116
135
137
124
133
156
166
154
158
188
191
184
185
205
215
197
192
213
216
190
183
187
195
169
150
150
153
128
111
117
135
119
93
95
117
101
78
83
103
99
89
86
104
100
80
83
101
100
76
74
96
103
86
75
93
108
94
77
86
101
88
69
79
102
88
74
85
107
90
77
79
99
95
79
75
87
92
80
76
101
91
76
68
87
97
77
71
92
101
86
71
88
101
82
71
79
96
82
71
86
104
86
70
88
101
85
70
80
98
90
69
78
98
95
74
79
106
116
107
113
131
135
116
116
139
148
127
111
124
125
105
90
104
122
101
87
82
92
70
46
45
69
63
51
55
77
67
47
54
70
67
42
33
44
50
61
104
179
259
321
376
416
360
228
110
47
4
-22
-21
20
60
70
60
71
82
68
54
62
77
73
57
63
83
77
56
67
85
76
55
62
81
78
59
52
70
76
62
58
83
95
77
74
87
100
88
71
93
109
104
90
106
130
120
108
125
143
137
129
139
165
166
148
155
183
174
160
146
163
160
132
117
133
126
97
82
96
94
70
51
63
69
57
41
53
63
48
33
43
57
44
26
32
56
48
22
32
51
46
25
28
48
49
31
27
49
51
34
33
49
56
34
28
49
58
37
26
43
60
40
28
42
51
35
15
35
53
37
18
28
46
31
17
22
38
31
17
15
34
42
13
14
31
40
19
10
34
38
24
16
34
38
22
15
32
41
19
4
27
36
25
12
32
42
34
19
40
66
67
53
58
81
83
71
73
89
78
55
47
63
59
39
33
46
46
19
6
22
25
-4
-11
7
21
0
-12
0
15
0
-8
3
22
1
-24
-13
27
55
86
154
248
315
336
310
214
93
-18
-79
-69
-45
-42
-19
25
41
17
10
25
40
15
4
19
40
20
7
19
37
23
13
20
39
31
15
20
44
34
15
23
47
40
18
23
50
51
32
39
64
68
49
47
64
84
71
64
90
102
94
84
104
126
115
103
120
144
136
124
130
148
136
111
115
124
109
78
78
91
75
47
37
52
47
24
15
28
38
11
0
21
27
7
-2
13
26
5
-4
6
17
5
-10
6
24
5
-7
1
15
9
-14
-1
17
11
-15
-11
14
9
-11
-5
12
12
-4
-13
5
12
-15
-26
-2
9
-9
-26
-7
4
-11
-19
-9
-3
-15
-27
-12
4
-16
-27
-6
9
-9
-28
-15
-3
-12
-32
-18
0
-6
-31
-23
-8
-8
-28
-19
0
-10
-34
-39
-9
-1
-24
-17
3
17
2
9
36
34
17
19
43
45
20
9
22
27
3
-18
2
15
-4
-21
-10
-9
-26
-50
-39
-24
-40
-56
-41
-26
-37
-57
-43
-31
-38
-56
-44
-35
-44
-33
19
90
160
219
292
316
234
98
11
-58
-102
-118
-88
-41
-19
-29
-26
-12
-5
-28
-31
-14
-12
-26
-32
-7
2
-21
-24
-6
-5
-17
-28
-13
1
-21
-24
-7
4
-8
-18
-3
13
1
-11
2
22
12
-3
11
38
33
12
21
52
56
44
49
73
75
60
63
95
93
85
91
115
112
88
87
100
92
73
58
64
63
33
21
34
30
1
-11
-1
10
-16
-27
-18
-8
-32
-37
-14
-4
-29
-41
-19
-6
-28
-37
-24
-7
-25
-40
-24
-14
-33
-42
-31
-13
-21
-44
-27
-12
-23
-42
-29
-14
-29
-42
-33
-15
-31
-48
-36
-19
-32
-44
-40
-22
-26
-54
-54
-28
-30
-52
-48
-31
-28
-48
-52
-32
-21
-44
-48
-29
-24
-45
-56
-39
-20
-34
-48
-38
-23
-37
-54
-35
-21
-30
-51
-40
-22
-26
-39
-30
-13
-10
-25
-11
12
16
-7
-7
15
22
-1
-6
6
0
-21
-33
-14
-8
-29
-38
-24
-28
-56
-67
-52
-41
-70
-78
-64
-45
-61
-73
-64
-48
-63
-83
-72
-59
-76
-90
-58
6
59
108
190
279
299
214
107
34
-48
-124
-142
-109
-77
-66
-57
-43
-40
-56
-63
-48
-38
-42
-58
-48
-34
-48
-62
-49
-27
-41
-58
-54
-32
-40
-63
-52
-28
-26
-43
-41
-22
-25
-36
-34
-13
-5
-25
-29
-5
1
-10
-14
7
28
6
0
21
44
38
26
47
65
54
42
58
78
74
61
63
82
68
38
36
48
29
5
-1
12
3
-31
-37
-25
-22
-43
-47
-41
-42
-66
-70
-48
-34
-50
-64
-50
-41
-53
-68
-62
-49
-61
-73
-67
-49
-63
-77
-76
-48
-53
-74
-68
-53
-51
-76
-73
-47
-45
-64
-77
-57
-54
-71
-78
-63
-57
-79
-88
-62
-56
-70
-81
-63
-57
-74
-92
-72
-57
-72
-84
-78
-58
-71
-91
-83
-64
-68
-89
-83
-70
-70
-89
-90
-67
-76
-105
-103
-79
-78
-97
-99
-70
-70
-93
-93
-72
-60
-79
-87
-60
-36
-48
-63
-46
-22
-31
-57
-48
-38
-53
-78
-73
-53
-68
-80
-77
-61
-74
-100
-112
-99
-100
-128
-129
-105
-98
-122
-130
-109
-96
-120
-125
-102
-94
-114
-139
-116
-73
-40
9
89
184
231
210
125
27
-76
-171
-198
-176
-154
-159
-128
-82
-80
-106
-108
-84
-81
-107
-108
-94
-83
-102
-114
-92
-74
-96
-105
-81
-73
-91
-101
-86
-76
-84
-102
-79
-60
-79
-93
-75
-58
-69
-78
-71
-44
-48
-67
-52
-32
-32
-41
-28
-7
-9
-21
-10
13
12
0
6
26
38
19
22
42
37
15
11
19
15
-10
-30
-18
-21
-48
-61
-42
-43
-66
-82
-62
-58
-73
-82
-66
-61
-77
-90
-70
-61
-79
-89
-72
-56
-75
-91
-80
-64
-76
-90
-74
-53
-66
-84
-72
-54
-63
-82
-74
-51
-58
-77
-71
-50
-60
-84
-79
-56
-53
-78
-76
-58
-59
-80
-87
-60
-59
-76
-86
-64
-57
-80
-82
-68
-62
-77
-81
-63
-55
-74
-92
-66
-55
-71
-92
-70
-57
-72
-59
-72
-82
-59
-58
-73
-81
-60
-58
-67
-73
-48
-36
-46
-50
-25
-18
-32
-34
-5
7
-18
-31
-21
-13
-32
-53
-39
-27
-45
-57
-56
-50
-71
-89
-71
-63
-77
-102
-93
-74
-88
-105
-89
-66
-78
-94
-92
-81
-83
-104
-81
-11
48
98
172
261
269
186
61
-20
-97
-159
-160
-121
-88
-76
-76
-53
-42
-60
-71
-62
-45
-54
-73
-67
-50
-58
-79
-68
-44
-46
-61
-60
-46
-46
-66
-72
-47
-37
-55
-63
-44
-32
-47
-55
-38
-17
-30
-43
-28
-8
-10
-25
-11
6
6
0
14
31
34
21
28
58
51
36
48
74
74
57
54
70
63
33
26
36
29
1
-12
-10
-8
-34
-45
-36
-28
-44
-60
-46
-34
-54
-71
-50
-47
-65
-74
-53
-39
-57
-68
-54
-39
-55
-73
-72
-46
-56
-72
-65
-48
-44
-68
-70
-44
-45
-67
-71
-52
-50
-69
-72
-51
-43
-64
-76
-54
-50
-72
-81
-64
-52
-66
-84
-61
-51
-63
-85
-70
-48
-65
-81
-70
-52
-62
-82
-73
-52
-61
-81
-74
-52
-55
-78
-78
-51
-52
-73
-73
-50
-48
-71
-80
-62
-48
-66
-72
-51
-32
-37
-45
-25
-4
-17
-32
-19
0
-16
-44
-38
-22
-31
-52
-46
-28
-36
-64
-71
-66
-66
-91
-96
-88
-77
-101
-108
-92
-84
-99
-106
-90
-76
-93
-114
-108
-99
-98
-78
-6
77
141
197
257
242
136
-2
-81
-125
-155
-174
-149
-99
-76
-85
-90
-70
-68
-94
-99
-77
-68
-83
-91
-75
-66
-88
-102
-80
-64
-72
-93
-81
-60
-67
-89
-87
-56
-56
-74
-64
-46
-49
-68
-70
-45
-40
-55
-58
-31
-27
-42
-43
-18
-4
-15
-23
2
17
5
-9
1
34
26
9
17
41
38
25
22
31
12
-19
-29
-14
-22
-51
-69
-53
-51
-72
-86
-70
-63
-93
-105
-94
-80
-92
-117
-101
-80
-90
-114
-107
-90
-96
-113
-109
-83
-93
-118
-121
-95
-94
-109
-114
-94
-87
-110
-114
-93
-87
-106
-121
-98
-89
-104
-117
-101
-85
-98
-120
-110
-89
-101
-118
-112
-90
-94
-118
-115
-91
-96
-109
-115
-96
-92
-110
-119
-95
-89
-113
-125
-111
-93
-111
-124
-106
-90
-107
-120
-104
-88
-101
-125
-115
-93
-100
-127
-114
-92
-87
-108
-100
-78
-65
-82
-82
-51
-41
-64
-70
-47
-35
-56
-73
-64
-54
-66
-93
-81
-64
-79
-104
-98
-89
-102
-128
-126
-111
-105
-127
-124
-108
-103
-118
-130
-117
-99
-114
-130
-122
-110
-111
-92
-25
59
127
183
231
221
110
-20
-105
-150
-179
-185
-165
-118
-81
-91
-93
-81
-68
-97
-111
-90
-73
-89
-103
-95
-73
-81
-99
-92
-73
-74
-95
-94
-72
-73
-89
-89
-69
-62
-79
-88
-62
-54
-63
-80
-59
-46
-52
-67
-44
-25
-40
-53
-35
-14
-19
-33
-12
10
12
-2
3
32
29
20
23
49
52
29
21
32
27
4
-7
1
-3
-27
-44
-35
-32
-55
-73
-56
-49
-67
-91
-78
-59
-74
-90
-76
-61
-68
-87
-81
-58
-65
-89
-88
-71
-68
-89
-89
-67
-66
-84
-95
-65
-61
-77
-85
-72
-59
-79
-92
-73
-59
-72
-90
-82
-67
-70
-90
-85
-61
-66
-92
-92
-74
-78
-95
-95
-76
-68
-90
-97
-74
-65
-83
-97
-84
-65
-84
-104
-83
-65
-80
-98
-88
-71
-75
-97
-88
-70
-74
-98
-94
-72
-68
-88
-90
-63
-67
-82
-79
-53
-34
-46
-60
-38
-16
-31
-43
-27
-23
-40
-59
-56
-46
-57
-80
-72
-54
-64
-90
-96
-75
-81
-106
-114
-96
-86
-111
-119
-99
-89
-104
-119
-102
-83
-108
-125
-106
-61
-24
12
85
187
246
236
170
80
-15
-118
-172
-154
-129
-125
-109
-75
-63
-87
-98
-76
-62
-82
-103
-81
-58
-72
-86
-83
-64
-72
-87
-75
-56
-63
-89
-79
-57
-52
-75
-74
-44
-42
-62
-70
-44
-35
-57
-51
-27
-17
-36
-41
-21
-1
-13
-23
-4
10
11
0
18
43
36
25
35
57
57
39
43
57
53
27
19
31
27
-2
-15
-3
-7
-34
-48
-37
-40
-55
-73
-60
-48
-63
-79
-69
-53
-63
-86
-80
-55
-65
-80
-80
-56
-67
-83
-79
-60
-62
-82
-80
-62
-59
-78
-85
-58
-54
-77
-85
-69
-55
-72
-82
-68
-52
-69
-87
-80
-68
-79
-95
-85
-66
-68
-91
-77
-59
-69
-91
-82
-64
-68
-87
-83
-64
-59
-82
-90
-64
-62
-87
-90
-75
-61
-79
-92
-75
-62
-79
-96
-80
-62
-72
-88
-83
-60
-66
-85
-72
-43
-37
-45
-42
-24
-19
-35
-34
-15
-11
-36
-53
-48
-37
-54
-74
-56
-42
-65
-91
-83
-71
-96
-115
-102
-83
-96
-114
-108
-91
-86
-109
-109
-83
-85
-109
-119
-94
-68
-41
4
93
175
224
241
203
99
-18
-116
-147
-139
-134
-123
-90
-60
-72
-91
-70
-56
-68
-93
-80
-55
-65
-81
-80
-60
-64
-87
-80
-57
-64
-84
-88
-67
-57
-72
-70
-44
-36
-53
-62
-46
-34
-45
-59
-41
-27
-32
-43
-26
-3
-7
-25
-8
15
12
-2
8
32
33
18
36
65
68
51
55
74
71
46
30
44
43
13
-1
10
13
-15
-35
-21
-18
-38
-56
-40
-32
-47
-70
-61
-38
-46
-72
-61
-44
-47
-68
-61
-45
-47
-73
-70
-48
-47
-70
-66
-46
-42
-69
-74
-51
-40
-64
-76
-52
-47
-60
-76
-64
-49
-66
-81
-69
-47
-58
-80
-67
-47
-62
-82
-72
-53
-57
-79
-78
-51
-49
-75
-79
-60
-53
-74
-80
-59
-45
-69
-81
-69
-51
-69
-89
-76
-55
-64
-89
-72
-55
-64
-87
-79
-55
-58
-77
-72
-45
-39
-57
-54
-20
-21
-38
-45
-15
-7
-27
-37
-28
-13
-40
-61
-53
-32
-45
-66
-64
-49
-77
-101
-95
-80
-86
-114
-107
-80
-88
-114
-105
-91
-87
-114
-110
-94
-100
-123
-105
-45
14
66
139
231
275
208
90
-2
-78
-161
-201
-168
-124
-112
-105
-78
-61
-82
-98
-91
-71
-85
-101
-90
-70
-83
-98
-93
-68
-78
-98
-98
-70
-72
-92
-86
-63
-67
-84
-92
-61
-53
-76
-82
-63
-49
-67
-75
-42
-27
-40
-52
-32
-17
-25
-38
-13
0
-14
-21
7
28
21
11
21
46
30
14
21
40
27
-1
-6
3
-18
-41
-42
-30
-40
-75
-82
-57
-58
-88
-95
-75
-70
-81
-85
-74
-71
-91
-104
-80
-71
-96
-112
-95
-79
-89
-107
-90
-70
-84
-107
-92
-74
-77
-96
-96
-68
-77
-99
-96
-70
-74
-92
-96
-69
-70
-89
-95
-73
-66
-89
-96
-71
-68
-83
-99
-81
-70
-92
-98
-83
-70
-86
-96
-80
-63
-72
-90
-80
-67
-72
-92
-85
-64
-77
-89
-86
-67
-70
-97
-91
-70
-65
-92
-96
-69
-64
-82
-88
-65
-56
-64
-67
-37
-20
-31
-43
-24
-10
-24
-39
-29
-13
-38
-60
-53
-31
-44
-71
-60
-49
-70
-98
-87
-72
-84
-104
-109
-82
-85
-111
-108
-81
-84
-105
-103
-84
-91
-114
-100
-39
25
73
142
229
261
198
82
-5
-85
-154
-177
-132
-100
-93
-81
-61
-56
-78
-90
-70
-54
-70
-80
-68
-52
-70
-83
-71
-48
-59
-73
-57
-47
-60
-76
-66
-40
-51
-72
-61
-41
-49
-60
-55
-32
-42
-54
-39
-16
-20
-34
-30
-1
4
-13
-10
19
21
4
6
43
57
43
35
58
66
51
42
55
63
43
22
27
31
9
-14
-11
-2
-29
-48
-38
-29
-50
-68
-54
-32
-48
-68
-60
-43
-54
-77
-70
-49
-48
-66
-69
-43
-45
-68
-75
-50
-43
-70
-74
-48
-46
-64
-72
-48
-39
-63
-63
-48
-35
-56
-65
-55
-33
-54
-73
-57
-36
-49
-70
-56
-41
-51
-71
-56
-39
-52
-67
-68
-40
-51
-65
-66
-42
-50
-71
-66
-45
-46
-67
-64
-40
-37
-63
-70
-45
-43
-62
-68
-46
-45
-68
-65
-44
-35
-52
-53
-24
-11
-20
-25
-4
7
-7
-11
7
19
-1
-27
-18
-8
-23
-45
-32
-10
-25
-59
-54
-31
-51
-79
-81
-51
-57
-82
-86
-56
-56
-72
-82
-56
-50
-72
-86
-59
-33
-16
36
121
207
256
280
236
131
9
-85
-118
-109
-97
-86
-50
-19
-23
-44
-37
-16
-30
-57
-48
-23
-26
-47
-46
-22
-18
-39
-45
-21
-17
-34
-44
-25
-16
-35
-40
-13
-2
-19
-31
-12
2
-8
-21
0
24
9
-9
9
30
28
12
27
50
51
37
46
71
75
62
64
91
91
76
77
100
100
79
63
81
82
54
33
42
46
25
0
13
16
-5
-27
-13
1
-16
-36
-24
0
-14
-39
-29
-12
-14
-32
-36
-17
-18
-42
-44
-19
-13
-37
-42
-19
-13
-37
-48
-28
-14
-31
-46
-33
-11
-18
-46
-31
-17
-23
-44
-40
-24
-24
-47
-43
-18
-21
-43
-47
-24
-19
-40
-47
-24
-20
-41
-50
-30
-14
-32
-51
-29
-14
-28
-46
-34
-18
-35
-51
-44
-21
-24
-46
-36
-24
-22
-47
-54
-30
-21
-43
-51
-23
-1
-16
-13
9
22
2
-4
19
39
19
-1
8
12
-4
-25
-14
3
-6
-29
-27
-17
-27
-61
-60
-47
-47
-70
-68
-47
-47
-67
-67
-47
-40
-64
-65
-48
-45
-64
-47
15
81
132
197
270
306
235
113
24
-40
-102
-127
-96
-51
-35
-39
-34
-15
-22
-37
-33
-16
-14
-35
-40
-16
-15
-38
-40
-14
-8
-27
-40
-20
-6
-19
-34
-12
4
-12
-35
-14
3
-6
-18
-5
15
11
-6
0
26
31
15
24
50
51
42
38
66
79
66
61
91
106
81
84
104
114
97
80
88
107
87
63
69
73
48
25
23
31
26
-6
-9
14
9
-18
-27
1
0
-26
-28
-8
-8
-30
-38
-9
-5
-31
-40
-12
-4
-26
-37
-19
-7
-16
-32
-15
-8
-24
-39
-21
-3
-15
-36
-31
-6
-17
-40
-34
-9
-14
-34
-34
-12
-11
-30
-43
-25
-24
-42
-47
-25
-15
-42
-55
-31
-18
-32
-47
-28
-18
-37
-56
-37
-22
-32
-56
-43
-29
-39
-60
-52
-27
-36
-53
-53
-29
-30
-50
-50
-24
-18
-39
-41
-10
-4
-23
-23
-3
12
-4
-11
13
27
7
-15
-5
-1
-18
-35
-28
-11
-15
-45
-50
-32
-40
-71
-64
-44
-55
-83
-73
-53
-57
-84
-88
-64
-59
-80
-84
-71
-69
-84
-52
15
84
138
212
283
280
170
38
-31
-83
-140
-150
-106
-73
-63
-64
-50
-35
-52
-72
-57
-32
-48
-68
-58
-37
-41
-58
-52
-35
-42
-62
-56
-30
-34
-49
-54
-31
-27
-51
-52
-25
-15
-32
-45
-20
-3
-18
-29
-9
1
-13
-23
6
26
17
8
28
54
46
33
49
68
56
40
56
83
78
56
66
80
75
40
26
41
36
1
-16
-3
0
-22
-37
-16
-10
-40
-54
-39
-21
-43
-62
-49
-29
-38
-57
-54
-39
-43
-65
-63
-37
-41
-61
-61
-34
-30
-55
-73
-55
-38
-57
-69
-45
-32
-48
-63
-47
-35
-46
-67
-50
-36
-52
-68
-66
-42
-55
-77
-73
-43
-40
-60
-65
-47
-38
-63
-63
-45
-33
-58
-67
-48
-34
-60
-77
-56
-49
-60
-74
-54
-46
-57
-73
-58
-37
-51
-67
-69
-47
-49
-75
-83
-53
-47
-64
-69
-44
-31
-46
-54
-30
-12
-23
-39
-16
6
-2
-26
-10
1
-20
-37
-38
-20
-25
-46
-40
-33
-40
-73
-75
-64
-60
-94
-101
-73
-71
-82
-96
-80
-70
-81
-95
-82
-60
-81
-101
-86
-32
9
50
136
231
275
239
148
56
-31
-130
-169
-142
-112
-107
-94
-54
-31
-56
-70
-61
-50
-60
-78
-64
-47
-57
-77
-71
-48
-42
-62
-68
-45
-41
-56
-66
-39
-44
-58
-63
-46
-26
-42
-52
-34
-20
-37
-44
-20
0
-12
-27
-13
15
9
-2
4
33
33
18
23
56
62
45
47
70
82
59
49
73
82
62
38
45
51
25
-2
2
14
-7
-30
-28
-12
-26
-50
-50
-27
-31
-50
-59
-34
-28
-48
-52
-35
-28
-49
-65
-46
