-55
-59
-62
-63
-60
-64
-60
-60
-58
-56
-59
-58
-61
-63
-64
-59
-59
-61
-55
-50
-46
-38
-35
-33
-34
-28
-29
-24
-24
-22
-23
-18
-20
-26
-32
-43
-46
-57
-56
-64
-62
-62
-64
-68
-67
-68
-72
-62
-52
-36
6
70
139
172
206
199
84
-116
-269
-339
-354
-330
-275
-200
-148
-119
-99
-89
-88
-87
-88
-86
-85
-82
-78
-83
-85
-81
-89
-89
-91
-92
-93
-95
-91
-86
-90
-94
-90
-92
-100
-100
-102
-101
-104
-100
-104
-105
-106
-112
-122
-122
-129
-131
-132
-133
-137
-139
-140
-144
-156
-160
-160
-162
-166
-168
-169
-173
-174
-174
-175
-177
-182
-180
-180
-179
-168
-158
-146
-135
-128
-118
-112
-96
-86
-80
-71
-62
-58
-49
-44
-42
-45
-44
-41
-46
-50
-48
-47
-48
-48
-44
-44
-43
-45
-52
-52
-54
-59
-56
-57
-55
-54
-51
-53
-55
-60
-63
-63
-60
-61
-59
-58
-61
-56
-61
-63
-61
-61
-59
-59
-59
-58
-54
-50
-54
-51
-50
-60
-46
1
80
148
207
182
23
-175
-292
-343
-345
-318
-273
-201
-128
-70
-33
-26
-23
-29
-29
-33
-38
-39
-40
-40
-35
-38
-42
-46
-46
-54
-58
-66
-65
-66
-71
-72
-69
-64
-66
-66
-72
-73
-80
-84
-86
-90
-94
-91
-94
-94
-101
-104
-114
-119
-122
-126
-128
-130
-130
-128
-128
-127
-131
-133
-134
-131
-125
-123
-112
-100
-91
-79
-68
-59
-48
-44
-39
-29
-22
-14
-10
-6
-6
-6
-5
-10
-14
-16
-16
-20
-22
-21
-20
-20
-23
-25
-26
-30
-29
-32
-32
-30
-27
-30
-29
-34
-34
-38
-36
-39
-42
-42
-42
-39
-34
-30
-33
-39
-39
-44
-42
-48
-45
-41
-38
-29
-23
-14
1
12
18
22
28
24
12
12
7
2
-8
-19
-26
-38
-48
-53
-58
-54
-54
-53
-51
-51
-49
-48
-48
-40
-33
-28
2
59
132
174
209
221
143
-48
-222
-309
-329
-317
-269
-200
-143
-102
-82
-72
-66
-60
-66
-60
-61
-60
-57
-56
-56
-52
-51
-51
-60
-64
-66
-64
-61
-67
-60
-59
-60
-56
-62
-67
-72
-74
-79
-83
-84
-82
-82
-88
-82
-86
-95
-99
-104
-106
-108
-113
-114
-117
-118
-123
-128
-135
-140
-144
-143
-140
-149
-142
-141
-141
-138
-136
-138
-132
-131
-122
-110
-98
-81
-70
-60
-46
-39
-28
-20
-18
-10
-6
1
3
11
13
12
16
12
7
9
6
10
7
9
12
18
17
16
11
10
5
4
4
7
7
5
9
4
7
9
2
-3
-4
-3
-1
-2
2
8
6
7
5
3
5
6
3
0
-2
3
6
7
3
1
1
-4
-2
-3
0
-1
1
2
4
2
0
-1
3
0
4
1
5
7
9
12
12
9
2
4
1
3
4
2
4
10
9
5
6
5
4
3
4
8
12
9
7
5
5
4
4
2
-2
1
3
7
7
1
6
12
8
5
9
4
3
3
7
5
11
19
24
31
38
35
34
30
34
41
46
49
51
63
52
41
36
26
12
6
4
0
-7
-9
-5
0
1
4
8
24
34
68
127
205
252
299
306
210
24
-146
-243
-255
-237
-214
-170
-112
-63
-33
-24
-18
-14
-13
-12
-13
-8
-5
-4
-4
-3
-4
-3
-8
-9
-8
-8
0
1
-1
0
-2
-6
-13
-16
-22
-24
-18
-17
-18
-25
-25
-25
-22
-28
-40
-49
-52
-55
-61
-61
-63
-59
-62
-63
-71
-79
-83
-85
-87
-89
-93
-87
-86
-85
-86
-87
-80
-68
-66
-55
-50
-43
-29
-15
-5
0
3
1
0
0
10
14
19
25
21
22
20
15
15
18
20
21
19
19
21
22
21
22
21
17
12
15
13
13
14
18
20
19
23
18
11
7
10
9
10
11
10
9
10
10
9
7
10
3
3
8
18
30
34
47
87
155
225
265
267
188
0
-184
-272
-286
-265
-229
-169
-111
-65
-38
-23
-8
-5
-2
-1
0
-1
2
-4
-2
-5
-4
-5
-4
-4
-5
-6
-6
-9
-10
-17
-15
-12
-18
-20
-20
-20
-23
-21
-23
-32
-38
-40
-50
-49
-56
-53
-57
-61
-70
-77
-81
-85
-95
-94
-95
-97
-96
-102
-103
-99
-101
-100
-91
-85
-77
-66
-60
-48
-40
-23
-16
-15
-9
-7
-2
-4
2
5
6
3
-1
-1
-8
-12
-19
-16
-18
-20
-17
-21
-23
-24
-24
-30
-32
-34
-36
-34
-37
-38
-36
-37
-43
-43
-44
-47
-45
-47
-55
-52
-48
-50
-48
-45
-53
-55
-55
-46
-39
-30
-14
-4
3
5
5
5
-4
-15
-24
-28
-34
-46
-55
-67
-75
-76
-81
-86
-89
-85
-87
-78
-58
-45
-19
34
96
137
156
172
118
-52
-241
-344
-377
-357
-315
-259
-204
-165
-141
-129
-122
-118
-111
-109
-108
-109
-108
-108
-111
-110
-114
-116
-116
-120
-117
-116
-120
-124
-130
-128
-133
-134
-133
-139
-143
-140
-141
-140
-146
-145
-151
-158
-166
-167
-176
-178
-178
-182
-183
-189
-198
-208
-211
-211
-213
-217
-222
-225
-223
-229
-232
-234
-238
-234
-237
-236
-231
-229
-218
-207
-190
-179
-169
-165
-154
-145
-132
-127
-114
-104
-94
-87
-82
-84
-86
-88
-86
-83
-83
-89
-81
-84
-84
-85
-83
-87
-90
-89
-92
-86
-94
-89
-93
-92
-92
-93
-97
-99
-100
-104
-105
-105
-104
-104
-96
-100
-105
-106
-108
-109
-111
-111
-111
-109
-108
-108
-106
-108
-112
-116
-118
-119
-119
-114
-114
-115
-111
-114
-115
-119
-121
-124
-124
-124
-122
-120
-117
-117
-119
-121
-119
-118
-127
-121
-123
-123
-124
-116
-114
-121
-120
-123
-127
-128
-130
-128
-125
-125
-119
-122
-117
-122
-124
-130
-128
-126
-128
-131
-126
-124
-125
-123
-127
-126
-127
-132
-130
-133
-131
-129
-127
-123
-122
-128
-125
-130
-132
-133
-132
-130
-122
-112
-109
-100
-102
-102
-104
-101
-102
-99
-98
-98
-98
-102
-106
-114
-116
-126
-130
-135
-139
-145
-144
-141
-140
-140
-138
-133
-127
-116
-95
-39
32
88
119
144
124
-20
-210
-348
-405
-413
-379
-326
-265
-214
-188
-174
-159
-154
-159
-160
-160
-158
-158
-152
-149
-147
-150
-154
-153
-157
-161
-160
-158
-163
-162
-157
-158
-160
-158
-163
-163
-167
-172
-169
-175
-173
-175
-172
-169
-178
-185
-194
-195
-199
-201
-208
-212
-207
-212
-214
-217
-221
-227
-230
-231
-238
-238
-243
-242
-242
-245
-246
-248
-247
-243
-237
-233
-225
-212
-202
-193
-186
-171
-159
-146
-133
-128
-128
-118
-111
-108
-107
-104
-101
-108
-110
-112
-116
-115
-115
-109
-106
-110
-109
-108
-112
-113
-116
-116
-113
-113
-115
-114
-117
-116
-114
-118
-123
-125
-124
-124
-121
-118
-116
-116
-118
-119
-122
-124
-122
-120
-121
-120
-116
-115
-110
-109
-115
-121
-109
-66
11
85
142
113
-65
-252
-360
-404
-403
-385
-353
-299
-228
-163
-126
-109
-107
-101
-101
-104
-102
-99
-105
-104
-98
-100
-104
-103
-104
-109
-114
-119
-122
-120
-123
-121
-123
-125
-123
-128
-131
-132
-136
-136
-142
-146
-147
-146
-150
-154
-154
-160
-165
-172
-182
-185
-185
-183
-182
-181
-185
-188
-193
-196
-192
-192
-187
-181
-172
-165
-156
-148
-135
-127
-118
-105
-101
-93
-89
-80
-75
-69
-71
-70
-76
-76
-81
-85
-87
-88
-88
-88
-89
-86
-88
-97
-100
-97
-100
-101
-98
-98
-96
-97
-96
-98
-100
-101
-101
-106
-104
-110
-104
-97
-99
-102
-98
-102
-101
-106
-106
-104
-104
-97
-91
-85
-76
-60
-48
-40
-36
-32
-34
-42
-43
-47
-57
-63
-73
-87
-99
-107
-112
-116
-112
-114
-112
-107
-107
-106
-110
-106
-96
-89
-73
-25
45
107
144
169
141
-5
-202
-333
-388
-388
-345
-283
-214
-165
-144
-131
-128
-128
-128
-124
-121
-122
-118
-114
-112
-112
-114
-112
-112
-116
-122
-118
-117
-117
-117
-112
-117
-122
-124
-127
-133
-137
-133
-133
-137
-134
-133
-137
-141
-145
-151
-159
-159
-165
-168
-173
-169
-170
-177
-177
-184
-195
-198
-200
-200
-206
-204
-204
-206
-198
-201
-201
-201
-198
-191
-180
-170
-160
-143
-134
-116
-108
-100
-94
-87
-82
-77
-71
-65
-60
-53
-53
-52
-54
-56
-56
-59
-58
-56
-59
-55
-54
-50
-53
-55
-60
-61
-61
-58
-62
-55
-56
-57
-61
-59
-67
-69
-61
-66
-66
-62
-63
-61
-63
-63
-64
-65
-66
-68
-66
-67
-68
-68
-61
-59
-61
-61
-62
-69
-67
-68
-66
-70
-67
-64
-61
-60
-63
-64
-66
-66
-68
-63
-62
-65
-62
-64
-61
-61
-62
-64
-66
-60
-64
-66
-64
-66
-59
-56
-58
-59
-62
-64
-64
-63
-65
-64
-64
-61
-58
-59
-58
-62
-62
-62
-64
-61
-59
-56
-55
-50
-53
-53
-52
-53
-58
-54
-50
-51
-48
-47
-42
-40
-32
-31
-27
-26
-27
-25
-17
-11
0
6
5
8
6
-7
-16
-22
-28
-37
-43
-40
-41
-45
-45
-49
-46
-46
-48
-41
-26
-14
23
88
155
196
233
253
198
24
-158
-273
-307
-291
-252
-196
-143
-100
-80
-70
-59
-56
-55
-49
-48
-45
-48
-44
-39
-44
-49
-49
-52
-52
-52
-48
-45
-40
-44
-44
-46
-50
-55
-57
-56
-54
-52
-50
-51
-54
-55
-58
-67
-70
-69
-72
-72
-72
-71
-73
-72
-81
-88
-98
-96
-100
-102
-105
-101
-101
-103
-101
-102
-108
-109
-103
-108
-110
-111
-106
-100
-92
-83
-75
-72
-66
-57
-49
-42
-34
-22
-10
1
7
12
17
16
15
20
22
24
27
29
31
27
29
25
24
19
22
21
21
20
16
17
25
26
19
21
20
16
18
18
20
25
20
19
20
18
11
13
11
10
12
11
15
15
19
20
18
16
9
10
13
17
14
22
22
22
21
20
17
16
15
15
16
15
16
22
21
18
22
20
14
14
19
16
19
19
18
16
18
24
20
20
19
12
14
13
19
22
22
23
25
29
33
35
36
38
45
47
55
60
54
51
56
49
35
31
24
21
23
21
13
13
7
8
6
9
10
15
24
38
64
111
182
254
295
323
286
133
-64
-197
-247
-235
-206
-174
-123
-80
-50
-31
-26
-12
-7
-2
1
5
4
3
4
2
4
1
-1
-3
2
9
6
4
1
-3
-8
-12
-9
-16
-15
-17
-14
-16
-22
-16
-23
-29
-38
-35
-38
-42
-48
-52
-59
-62
-69
-72
-84
-86
-90
-99
-104
-108
-107
-103
-111
-115
-118
-123
-125
-124
-128
-124
-114
-106
-95
-87
-83
-73
-62
-53
-47
-39
-30
-17
-10
-1
2
4
7
16
18
16
18
17
22
31
33
37
33
31
31
27
30
30
26
32
34
31
30
27
29
25
21
25
20
20
19
23
26
22
20
15
14
14
12
11
17
14
13
19
17
12
11
7
3
6
8
7
7
10
10
11
9
6
6
6
8
8
4
7
7
5
2
4
2
3
2
-3
-1
1
-2
3
3
3
1
3
-4
-3
0
0
-2
2
6
6
3
7
7
15
16
18
17
28
35
35
35
32
31
33
28
21
18
11
3
4
5
4
-4
-9
-13
-17
-13
-10
-11
-6
12
31
66
125
188
227
249
249
151
-39
-202
-279
-288
-263
-226
-170
-114
-72
-55
-43
-32
-24
-22
-21
-17
-18
-16
-13
-14
-20
-25
-25
-25
-26
-21
-23
-20
-22
-26
-27
-31
-37
-37
-36
-39
-37
-40
-42
-42
-52
-54
-58
-62
-64
-70
-77
-77
-81
-87
-92
-100
-107
-111
-117
-120
-126
-130
-136
-137
-146
-151
-152
-157
-164
-163
-164
-163
-158
-158
-146
-140
-134
-122
-119
-108
-95
-83
-72
-67
-55
-41
-31
-25
-19
-17
-11
-13
-11
-4
0
0
2
5
8
1
1
0
-2
-1
-1
0
1
7
7
3
2
0
-1
-2
-7
-4
-5
-8
-3
-4
-5
-5
-8
-9
-12
-14
-12
-13
-16
-8
-6
-9
-8
-10
-11
-15
-16
-17
-18
-13
-10
-10
-8
-9
-15
-18
-23
-20
-19
-17
-18
-17
-14
-12
-13
-15
-17
-21
-18
-19
-17
-18
-15
-15
-15
-14
-17
-17
-17
-20
-21
-22
-18
-15
-16
-10
-10
-8
-5
-4
5
5
7
11
17
17
17
6
7
13
4
0
-6
-12
-19
-20
-20
-24
-29
-32
-37
-38
-38
-38
-32
-20
-9
23
78
146
198
222
246
213
68
-126
-260
-310
-301
-264
-212
-155
-111
-86
-70
-62
-54
-54
-50
-52
-47
-47
-49
-52
-52
-55
-52
-59
-56
-58
-56
-58
-57
-57
-61
-61
-64
-71
-71
-72
-74
-76
-76
-75
-74
-76
-80
-89
-90
-98
-103
-109
-112
-114
-114
-121
-126
-133
-143
-149
-160
-162
-166
-169
-170
-178
-182
-184
-184
-192
-194
-195
-198
-199
-189
-178
-168
-163
-155
-143
-137
-128
-118
-100
-88
-76
-62
-53
-46
-39
-41
-44
-36
-36
-35
-32
-29
-23
-22
-25
-27
-30
-32
-32
-32
-28
-34
-35
-29
-29
-30
-31
-32
-32
-36
-41
-38
-38
-38
-35
-33
-35
-35
-40
-37
-40
-40
-40
-41
-42
-41
-42
-40
-42
-45
-45
-50
-51
-43
-44
-46
-40
-44
-42
-42
-42
-49
-46
-45
-48
-44
-44
-40
-43
-44
-46
-43
-44
-50
-51
-48
-46
-44
-42
-42
-46
-46
-46
-48
-49
-44
-47
-44
-40
-34
-27
-17
-16
-20
-14
-18
-15
-12
-16
-16
-8
-7
-14
-14
-22
-32
-36
-44
-51
-52
-54
-56
-51
-50
-46
-46
-42
-31
-18
13
76
146
190
223
241
168
-19
-194
-300
-319
-304
-261
-198
-143
-107
-81
-70
-63
-64
-65
-65
-65
-65
-60
-56
-56
-54
-58
-59
-62
-64
-64
-71
-74
-73
-68
-66
-66
-67
-71
-73
-78
-77
-78
-76
-82
-85
-88
-90
-90
-93
-97
-108
-113
-119
-124
-132
-132
-132
-134
-143
-150
-156
-165
-171
-174
-180
-180
-181
-180
-186
-186
-188
-192
-188
-182
-177
-170
-160
-146
-132
-117
-105
-96
-84
-75
-68
-59
-49
-41
-38
-30
-25
-26
-21
-20
-20
-21
-24
-26
-26
-23
-24
-19
-18
-18
-18
-24
-27
-28
-28
-26
-26
-28
-28
-24
-28
-27
-30
-29
-32
-34
-35
-38
-38
-34
-32
-34
-35
-36
-39
-41
-46
-40
-41
-41
-42
-39
-38
-34
-38
-43
-44
-41
-42
-40
-39
-37
-39
-37
-35
-45
-41
-42
-43
-46
-46
-45
-40
-39
-35
-36
-33
-32
-38
-38
-42
-42
-42
-37
-36
-36
-34
-32
-32
-26
-27
-19
-12
-11
-8
-6
-1
2
-3
-7
-5
-8
-17
-24
-24
-21
-24
-30
-33
-36
-44
-50
-49
-49
-46
-45
-35
-21
-10
18
75
140
190
226
245
188
6
-177
-293
-324
-310
-274
-217
-161
-116
-93
-78
-62
-60
-55
-49
-44
-42
-44
-50
-52
-55
-48
-55
-56
-52
-52
-54
-51
-55
-56
-58
-55
-55
-59
-61
-61
-60
-64
-57
-56
-64
-73
-76
-83
-80
-83
-88
-89
-94
-103
-104
-109
-117
-128
-133
-140
-144
-149
-144
-145
-150
-157
-159
-168
-167
-165
-168
-167
-154
-139
-128
-124
-111
-102
-89
-83
-66
-61
-55
-49
-36
-28
-19
-14
-18
-16
-15
-19
-28
-22
-23
-18
-16
-20
-23
-21
-20
-27
-24
-24
-31
-32
-32
-26
-24
-27
-25
-29
-30
-33
-35
-35
-34
-35
-31
-32
-34
-32
-35
-34
-42
-39
-37
-32
-34
-35
-29
-20
-11
-1
39
104
177
227
266
254
123
-80
-240
-304
-287
-253
-196
-132
-78
-45
-26
-16
-12
-21
-18
-27
-24
-21
-20
-19
-22
-19
-19
-23
-29
-27
-30
-40
-48
-50
-49
-47
-49
-52
-48
-45
-44
-46
-56
-60
-62
-69
-70
-74
-78
-78
-81
-78
-88
-87
-95
-105
-113
-117
-116
-118
-124
-124
-123
-122
-132
-133
-126
-122
-110
-96
-84
-62
-45
-35
-18
-6
-9
-6
2
7
7
12
15
14
18
18
13
8
1
-4
-10
-12
-11
-17
-17
-21
-20
-24
-32
-36
-34
-37
-37
-37
-36
-36
-40
-42
-44
-43
-43
-46
-50
-52
-48
-50
-47
-46
-51
-57
-62
-64
-66
-64
-60
-57
-51
-43
-37
-32
-23
-2
15
47
105
180
232
268
271
178
-19
-198
-287
-303
-279
-234
-171
-116
-79
-60
-49
-41
-34
-38
-38
-41
-45
-46
-46
-48
-43
-43
-42
-48
-47
-49
-52
-53
-55
-56
-54
-54
-55
-56
-58
-66
-71
-77
-83
-92
-96
-101
-104
-115
-119
-124
-126
-132
-136
-129
-124
-121
-118
-116
-114
-120
-123
-118
-123
-118
-115
-104
-107
-104
-98
-86
-78
-70
-70
-64
-53
-43
-38
-37
-31
-26
-15
-11
-10
-7
-10
-9
-12
-14
-14
-16
-11
-10
-12
-14
-15
-19
-20
-25
-25
-24
-24
-28
-28
-35
-37
-42
-45
-51
-55
-59
-60
-55
-50
-53
-53
-53
-50
-38
-25
-12
14
55
102
146
182
212
165
-8
-207
-318
-334
-285
-199
-126
-80
-52
-38
-26
-32
-35
-40
-34
-36
-38
-39
-37
-35
-32
-35
-34
-36
-42
-48
-44
-47
-45
-45
-48
-47
-52
-57
-67
-70
-78
-89
-95
-98
-101
-100
-102
-105
-107
-114
-120
-125
-128
-128
-127
-116
-109
-112
-119
-119
-126
-127
-128
-131
-133
-133
-128
-120
-112
-102
-96
-89
-82
-72
-57
-48
-36
-27
-20
-13
-12
-7
-8
-13
-10
-14
-17
-23
-13
-15
-16
-17
-25
-23
-24
-29
-21
-6
17
46
98
147
198
236
269
199
-13
-220
-295
-294
-259
-191
-118
-64
-40
-22
-18
-15
-16
-19
-21
-19
-18
-19
-19
-15
-12
-22
-29
-32
-38
-39
-37
-33
-34
-32
-38
-42
-41
-47
-52
-55
-52
-58
-54
-59
-65
-71
-72
-84
-97
-105
-107
-112
-111
-112
-115
-116
-115
-116
-114
-116
-113
-107
-102
-88
-81
-65
-58
-49
-40
-29
-17
-7
10
17
16
17
22
22
22
18
11
7
3
2
-4
-2
-6
-12
-10
-12
-12
-18
-17
-15
-23
-28
-24
-31
-29
-26
-22
-22
-22
-24
-25
-30
-24
-29
-28
-30
-28
-22
-20
-22
-9
35
101
150
181
175
60
-142
-299
-371
-362
-315
-235
-157
-96
-65
-41
-24
-20
-22
-21
-22
-24
-25
-31
-32
-35
-36
-35
-35
-35
-36
-38
-40
-42
-50
-51
-51
-55
-52
-52
-55
-56
-59
-64
-69
-70
-72
-76
-76
-85
-88
-86
-88
-90
-94
-95
-101
-100
-103
-103
-102
-101
-102
-99
-97
-94
-93
-100
-97
-91
-85
-79
-69
-52
-34
-16
-6
1
3
3
3
2
5
6
4
3
2
-2
-6
-12
-21
-21
-28
-29
-28
-32
-28
-32
-34
-41
-37
-46
-44
-48
-47
-45
-45
-43
-38
-44
-44
-45
-54
-58
-61
-61
-46
0
67
120
163
178
101
-87
-262
-357
-367
-325
-251
-174
-117
-86
-64
-55
-56
-54
-55
-59
-55
-53
-54
-51
-50
-53
-53
-56
-55
-61
-62
-61
-62
-61
-58
-61
-59
-63
-69
-74
-77
-78
-83
-85
-86
-89
-93
-94
-99
-101
-105
-112
-121
-121
-122
-122
-126
-124
-125
-127
-128
-124
-128
-128
-128
-122
-119
-111
-100
-89
-76
-70
-66
-55
-49
-46
-35
-28
-19
-13
-9
-5
-3
-3
-9
-20
-16
-15
-16
-14
-16
-17
-19
-23
-25
-26
-29
-32
-29
-32
-30
-31
-30
-27
-29
-28
-35
-36
-36
-40
-40
-40
-36
-37
-36
-35
-31
-36
-40
-37
-38
-39
-38
-39
-35
-35
-36
-36
-36
-40
-36
-41
-44
-46
-43
-42
-34
-33
-32
-39
-38
-39
-44
-38
-38
-40
-31
-34
-35
-37
-34
-43
-45
-42
-39
-39
-38
-35
-34
-34
-39
-35
-40
-39
-38
-43
-39
-41
-42
-38
-34
-37
-36
-45
-44
-43
-43
-46
-44
-37
-38
-33
-34
-40
-43
-47
-48
-43
-41
-44
-41
-37
-37
-40
-37
-35
-29
-25
-20
-21
-20
-16
-13
-4
0
-2
0
3
-1
-12
-21
-28
-32
-37
-41
-49
-51
-55
-60
-63
-59
-57
-53
-41
-25
-2
46
115
167
203
230
196
51
-136
-273
-325
-317
-288
-234
-172
-128
-104
-89
-78
-73
-75
-70
-67
-65
-65
-69
-72
-74
-76
-75
-74
-71
-70
-71
-71
-73
-77
-81
-80
-86
-88
-88
-88
-82
-84
-83
-86
-83
-90
-92
-95
-97
-98
-97
-93
-94
-92
-97
-96
-100
-106
-106
-104
-104
-106
-99
-100
-99
-96
-102
-100
-101
-105
-103
-100
-102
-94
-84
-83
-76
-78
-71
-69
-63
-54
-49
-40
-34
-27
-19
-16
-13
-14
-12
-16
-15
-14
-13
-12
-13
-13
-15
-21
-20
-28
-31
-34
-32
-34
-34
-29
-25
-27
-28
-25
-29
-33
-34
-33
-38
-38
-34
-31
-30
-32
-34
-39
-45
-44
-46
-44
-42
-38
-40
-39
-37
-38
-45
-49
-48
-45
-46
-44
-41
-37
-39
-41
-42
-45
-45
-44
-44
-52
-46
-43
-42
-45
-43
-44
-44
-48
-51
-50
-48
-48
-45
-42
-42
-45
-45
-44
-52
-54
-51
-52
-54
-53
-48
-49
-50
-44
-49
-49
-48
-47
-46
-44
-37
-28
-21
-17
-23
-21
-20
-19
-21
-25
-19
-16
-22
-27
-29
-34
-43
-54
-59
-64
-62
-68
-67
-66
-61
-59
-57
-45
-39
-13
34
102
160
196
222
178
27
-159
-283
-336
-333
-306
-248
-193
-143
-115
-90
-76
-73
-77
-77
-80
-80
-76
-76
-77
-79
-79
-77
-80
-79
-78
-79
-81
-83
-85
-85
-84
-79
-86
-84
-89
-92
-99
-104
-101
-104
-111
-112
-114
-119
-123
-124
-131
-131
-137
-146
-146
-154
-157
-155
-158
-162
-163
-170
-173
-179
-177
-184
-191
-191
-188
-179
-177
-175
-166
-158
-152
-147
-134
-127
-113
-101
-87
-77
-74
-67
-60
-57
-55
-54
-54
-52
-47
-47
-48
-44
-44
-49
-51
-51
-55
-55
-57
-55
-53
-48
-48
-48
-51
-53
-57
-57
-57
-58
-57
-59
-56
-54
-52
-52
-54
-55
-55
-56
-57
-54
-59
-57
-54
-58
-58
-63
-61
-40
26
108
171
211
173
5
-184
-315
-354
-343
-302
-236
-168
-115
-81
-63
-56
-50
-48
-48
-54
-47
-52
-57
-49
-51
-49
-47
-44
-48
-51
-50
-47
-51
-52
-56
-57
-55
-53
-56
-55
-54
-61
-67
-67
-74
-78
-80
-86
-89
-92
-88
-96
-96
-103
-104
-108
-112
-118
-117
-115
-115
-111
-114
-122
-120
-115
-113
-105
-95
-83
-70
-58
-49
-36
-31
-29
-23
-19
-20
-14
-8
-4
-4
-1
-4
-1
-14
-19
-20
-22
-21
-25
-24
-24
-20
-24
-24
-25
-28
-32
-28
-26
-25
-28
-35
-35
-36
-30
-35
-42
-43
-43
-41
-36
-34
-34
-37
-34
-35
-41
-42
-42
-39
-32
-29
-29
-18
-2
7
19
23
15
20
18
22
16
8
0
-10
-24
-30
-35
-34
-45
-61
-60
-56
-45
-37
-31
-22
-12
15
68
141
203
244
250
158
-24
-189
-283
-303
-287
-263
-224
-169
-117
-91
-85
-83
-71
-66
-62
-64
-65
-64
-63
-64
-59
-52
-56
-61
-67
-70
-72
-70
-75
-81
-80
-84
-96
-106
-104
-104
-99
-108
-125
-136
-134
-138
-139
-143
-138
-150
-160
-163
-163
-169
-178
-183
-185
-191
-195
-192
-192
-200
-206
-214
-218
-216
-219
-222
-214
-208
-204
-192
-184
-175
-162
-156
-144
-139
-128
-120
-113
-101
-89
-84
-88
-88
-89
-84
-83
-79
-71
-71
-72
-68
-62
-62
-63
-72
-72
-74
-73
-73
-75
-72
-70
-69
-68
-72
-72
-80
-82
-85
-85
-85
-82
-82
-82
-80
-86
-89
-90
-90
-92
-98
-96
-95
-94
-95
-95
-97
-103
-101
-103
-99
-102
-100
-100
-100
-100
-101
-103
-109
-111
-108
-105
-105
-107
-107
-103
-102
-101
-107
-106
-108
-108
-108
-107
-109
-108
-108
-105
-105
-105
-112
-113
-112
-110
-107
-106
-108
-106
-104
-102
-106
-110
-111
-114
-108
-113
-105
-108
-107
-105
-104
-105
-109
-113
-111
-112
-109
-114
-110
-111
-108
-108
-104
-108
-110
-114
-116
-112
-108
-108
-110
-114
-109
-105
-105
-97
-92
-90
-87
-85
-79
-73
-70
-72
-73
-75
-75
-79
-87
-91
-97
-98
-100
-103
-108
-114
-124
-124
-128
-122
-123
-117
-102
-86
-60
-15
46
91
112
129
94
-38
-218
-344
-388
-381
-346
-291
-233
-194
-163
-145
-132
-127
-126
-123
-124
-121
-124
-126
-126
-126
-128
-127
-125
-128
-126
-125
-128
-123
-128
-135
-139
-135
-137
-140
-145
-142
-141
-142
-142
-145
-146
-154
-158
-158
-155
-163
-163
-164
-170
-166
-172
-182
-192
-189
-198
-197
-200
-198
-202
-202
-201
-206
-214
-215
-222
-225
-224
-219
-215
-203
-196
-184
-180
-177
-169
-156
-144
-131
-118
-104
-99
-90
-84
-78
-78
-86
-83
-80
-79
-79
-76
-73
-71
-70
-73
-71
-72
-77
-79
-78
-80
-79
-76
-75
-76
-78
-81
-83
-85
-87
-81
-84
-88
-84
-84
-84
-91
-92
-87
-91
-87
-93
-90
-90
-84
-88
-86
-84
-83
-83
-82
-91
-77
-32
40
108
148
122
-10
-203
-331
-384
-379
-354
-316
-254
-185
-119
-80
-63
-57
-56
-63
-68
-66
-64
-62
-57
-52
-49
-50
-59
-61
-68
-72
-76
-80
-80
-77
-78
-80
-81
-80
-82
-87
-93
-96
-100
-100
-103
-103
-104
-108
-113
-115
-120
-124
-133
-136
-140
-140
-139
-145
-147
-152
-159
-158
-159
-161
-154
-153
-149
-140
-131
-124
-116
-109
-102
-93
-83
-74
-70
-58
-56
-48
-49
-46
-40
-41
-46
-49
-53
-58
-60
-61
-63
-60
-61
-62
-60
-64
-66
-69
-71
-73
-71
-69
-71
-63
-69
-69
-72
-74
-73
-64
-51
-48
-44
-39
-40
-42
-42
-43
-45
-50
-48
-50
-46
-42
-39
-34
-34
-34
-29
-27
-24
-13
0
14
28
31
29
26
17
12
6
-8
-17
-29
-41
-43
-46
-52
-52
-55
-55
-57
-62
-57
-58
-45
-25
-9
13
69
125
166
196
213
143
-32
-200
-302
-330
-310
-262
-204
-148
-113
-95
-85
-75
-71
-68
-65
-61
-61
-64
-62
-64
-68
-69
-71
-66
-66
-64
-62
-64
-68
-70
-66
-71
-74
-73
-77
-80
-74
-79
-79
-80
-84
-92
-97
-101
-110
-110
-110
-115
-113
-113
-120
-126
-137
-140
-141
-144
-148
-150
-149
-149
-151
-148
-157
-160
-158
-157
-154
-148
-136
-128
-121
-108
-96
-85
-78
-68
-63
-50
-45
-38
-28
-23
-17
-19
-17
-15
-16
-17
-15
-16
-16
-10
-15
-13
-14
-13
-16
-18
-20
-20
-18
-20
-21
-18
-18
-18
-21
-28
-25
-25
-27
-29
-31
-25
-26
-21
-26
-30
-29
-30
-36
-37
-34
-36
-32
-31
-31
-34
-30
-35
-35
-37
-38
-37
-34
-34
-32
-32
-31
-32
-36
-43
-43
-43
-38
-38
-37
-39
-38
-36
-37
-38
-41
-42
-44
-42
-40
-35
-34
-34
-38
-40
-44
-44
-46
-44
-43
-45
-42
-38
-37
-39
-39
-40
-41
-44
-44
-46
-45
-41
-41
-43
-45
-44
-40
-44
-48
-44
-48
-45
-48
-41
-40
-40
-42
-40
-40
-36
-32
-20
-19
-21
-16
-12
-8
-1
-5
-4
2
0
-9
-11
-17
-23
-32
-38
-42
-45
-50
-60
-60
-52
-55
-48
-36
-25
-11
27
88
141
181
216
214
120
-62
-220
-303
-318
-294
-246
-186
-141
-103
-86
-74
-69
-60
-59
-60
-56
-58
-66
-62
-65
-66
-66
-67
-66
-64
-61
-63
-64
-70
-72
-75
-78
-74
-75
-76
-69
-71
-71
-76
-79
-86
-90
-94
-99
-103
-103
-105
-104
-111
-111
-112
-119
-122
-128
-131
-134
-134
-134
-136
-137
-139
-146
-145
-148
-152
-156
-156
-150
-146
-147
-141
-139
-130
-127
-122
-111
-100
-92
-84
-68
-59
-51
-46
-42
-38
-33
-27
-27
-24
-20
-19
-14
-18
-18
-14
-10
-17
-21
-19
-18
-20
-15
-13
-12
-18
-18
-23
-24
-25
-24
-24
-22
-22
-24
-17
-18
-22
-23
-31
-30
-30
-28
-33
-26
-29
-31
-32
-30
-37
-33
-32
-35
-35
-31
-30
-26
-22
-25
-25
-24
-24
-23
-33
-32
-36
-30
-26
-33
-37
-40
-30
-26
-26
-32
-38
-39
-33
-22
-22
-18
-6
-8
-8
-16
-13
-14
-12
-8
-1
-2
-8
-11
-12
-10
-10
-14
-18
-9
-6
-8
-5
4
4
8
10
11
8
12
10
9
10
16
17
11
5
0
0
-8
-25
-58
-72
-76
-74
-69
-67
-62
-62
-69
-64
-54
-19
49
129
180
219
231
160
-12
-189
-296
-340
-333
-309
-260
-197
-142
-110
-102
-99
-94
-93
-87
-86
-86
-84
-84
-83
-80
-87
-87
-86
-88
-96
-98
-92
-93
-87
-90
-93
-94
-96
-106
-109
-109
-105
-102
-105
-108
-116
-119
-121
-128
-136
-138
-144
-148
-154
-158
-165
-172
-179
-177
-181
-188
-199
-200
-202
-207
-213
-215
-216
-217
-220
-219
-220
-218
-218
-212
-204
-195
-180
-169
-156
-150
-142
-133
-126
-120
-110
-102
-99
-88
-78
-71
-68
-64
-66
-66
-62
-63
-61
-55
-51
-48
-44
-48
-55
-52
-52
-53
-51
-55
-57
-57
-55
-55
-50
-50
-51
-57
-62
-59
-61
-58
-56
-56
-60
-58
-57
-60
-65
-69
-66
-67
-64
-63
-57
-56
-58
-63
-64
-71
-67
-66
-66
-66
-64
-63
-62
-61
-63
-66
-67
-68
-67
-66
-66
-62
-61
-62
-60
-60
-63
-72
-73
-70
-72
-64
-61
-59
-62
-60
-63
-64
-70
-71
-69
-68
-63
-63
-57
-58
-57
-52
-45
-48
-44
-42
-36
-33
-25
-27
-28
-25
-26
-34
-39
-44
-50
-52
-60
-64
-64
-61
-64
-69
-70
-72
-72
-68
-58
-40
-13
31
95
149
184
197
153
5
-174
-295
-338
-334
-305
-265
-209
-165
-130
-111
-102
-99
-95
-95
-89
-85
-84
-86
-81
-86
-90
-86
-86
-91
-86
-94
-92
-89
-90
-91
-91
-96
-105
-109
-106
-102
-107
-104
-103
-106
-113
-114
-122
-131
-134
-143
-145
-149
-151
-155
-158
-161
-172
-181
-189
-194
-196
-202
-202
-206
-208
-212
-218
-216
-225
-223
-222
-226
-218
-214
-208
-196
-186
-174
-167
-158
-153
-143
-128
-120
-112
-104
-99
-92
-85
-82
-80
-79
-76
-77
-73
-68
-64
-66
-63
-60
-61
-60
-65
-63
-62
-64
-63
-62
-59
-60
-59
-61
-59
-62
-64
-63
-63
-66
-64
-65
-63
-64
-65
-69
-69
-69
-70
-69
-69
-64
-61
-64
-60
-63
-65
-60
-47
-32
-31
-29
-32
-26
-25
-29
-27
-24
-28
-28
-27
-28
-27
-24
-24
-21
-25
-24
-26
-28
-30
-30
-26
-25
-23
-22
-19
-22
-26
-24
-28
-34
-31
-31
-29
-27
-22
-22
-23
-18
-20
-17
-19
-14
-8
-7
0
5
9
12
12
10
12
4
5
7
3
1
1
0
-9
-16
-20
-25
-31
-34
-37
-35
-34
-28
-22
-8
7
30
81
138
177
203
214
176
41
-139
-260
-304
-302
-261
-204
-155
-108
-79
-62
-49
-45
-42
-39
-38
-38
-38
-42
-44
-39
-42
-44
-40
-39
-37
-41
-41
-43
-51
-53
-56
-56
-55
-53
-55
-54
-57
-61
-64
-64
-77
-76
-82
-81
-84
-86
-90
-94
-95
-108
-118
-127
-130
-133
-137
-139
-145
-148
-151
-157
-164
-166
-173
-177
-181
-185
-185
-180
-177
-178
-170
-164
-157
-152
-142
-132
-122
-105
-92
-80
-69
-61
-53
-42
-39
-36
-36
-29
-20
-19
-16
-14
-14
-14
-18
-16
-21
-17
-18
-20
-20
-18
-18
-16
-16
-17
-20
-25
-28
-27
-24
-25
-22
-22
-23
-23
-26
-27
-31
-29
-35
-32
-26
-29
-28
-27
-29
-30
-34
-34
-36
-34
-39
-34
-36
-36
-32
-29
-27
-32
-33
-37
-41
-39
-41
-40
-31
-33
-33
-34
-32
-37
-38
-38
-39
-35
-32
-32
-32
-35
-32
-32
-36
-36
-37
-34
-36
-31
-32
-25
-32
-26
-29
-28
-30
-30
-30
-21
-15
-9
0
3
4
5
3
-2
-5
-5
0
-4
-12
-14
-17
-26
-32
-37
-38
-41
-44
-45
-44
-41
-36
-27
-19
-5
21
72
134
175
207
228
193
58
-128
-255
-305
-304
-267
-215
-157
-113
-82
-68
-58
-50
-48
-48
-45
-47
-50
-52
-53
-52
-50
-50
-45
-44
-47
-47
-50
-52
-54
-57
-60
-59
-59
-59
-59
-60
-65
-64
-70
-79
-77
-80
-77
-83
-82
-88
-92
-94
-96
-106
-112
-124
-125
-128
-135
-132
-134
-139
-146
-154
-159
-167
-169
-172
-173
-173
-169
-166
-163
-155
-148
-147
-142
-132
-123
-103
-92
-80
-70
-54
-45
-37
-31
-28
-25
-23
-19
-16
-11
-8
-8
-8
-6
-11
-13
-14
-14
-18
-15
-15
-13
-11
-12
-13
-9
-16
-15
-19
-20
-19
-16
-12
-13
-16
-20
-24
-22
-26
-26
-28
-28
-26
-25
-25
-23
-24
-24
-32
-31
-31
-29
-28
-29
-25
-27
-25
-21
-23
-26
-28
-35
-32
-32
-32
-32
-28
-25
-30
-26
-31
-34
-35
-34
-31
-31
-30
-28
-29
-30
-30
-26
-31
-31
-32
-31
-32
-31
-25
-21
-21
-27
-25
-21
-16
-8
-4
-11
-6
-1
0
4
4
3
6
0
-8
-12
-16
-20
-28
-28
-33
-36
-39
-42
-40
-42
-39
-27
-12
0
34
90
162
214
246
256
174
0
-168
-265
-291
-272
-242
-200
-148
-109
-81
-63
-53
-48
-44
-43
-39
-38
-40
-40
-44
-43
-44
-52
-59
-56
-57
-47
-43
-48
-53
-55
-61
-63
-63
-70
-70
-72
-72
-75
-85
-82
-88
-97
-106
-113
-117
-119
-119
-127
-130
-141
-150
-156
-164
-170
-182
-179
-183
-187
-191
-202
-212
-211
-212
-208
-213
-209
-212
-196
-191
-177
-167
-150
-136
-132
-125
-121
-111
-104
-91
-86
-84
-81
-77
-69
-73
-82
-79
-78
-78
-78
-73
-71
-64
-68
-67
-69
-75
-77
-80
-77
-75
-79
-81
-71
-77
-74
-81
-79
-81
-84
-87
-85
-84
-86
-81
-80
-83
-82
-87
-89
-86
-85
-85
-78
-67
-40
17
78
126
162
176
115
-51
-247
-356
-374
-340
-275
-208
-152
-123
-105
-93
-90
-88
-84
-81
-84
-83
-82
-75
-73
-78
-75
-78
-84
-87
-87
-91
-98
-100
-100
-104
-108
-115
-117
-116
-115
-121
-120
-117
-117
-123
-126
-133
-138
-142
-147
-150
-157
-159
-165
-166
-170
-175
-187
-190
-202
-205
-206
-213
-217
-209
-203
-197
-186
-178
-165
-160
-146
-121
-101
-86
-72
-75
-72
-69
-65
-63
-58
-58
-56
-57
-56
-52
-57
-60
-65
-73
-75
-81
-83
-90
-85
-89
-84
-87
-91
-95
-96
-99
-104
-105
-104
-106
-113
-110
-110
-112
-118
-121
-126
-128
-129
-132
-135
-133
-133
-131
-124
-121
-116
-105
-99
-97
-96
-93
-92
-85
-82
-82
-80
-72
-58
-33
14
81
129
159
175
125
-31
-208
-313
-344
-329
-286
-227
-166
-128
-99
-80
-71
-70
-69
-72
-76
-78
-79
-81
-83
-83
-88
-85
-87
-91
-92
-94
-99
-104
-105
-104
-105
-100
-95
-88
-81
-76
-72
-82
-88
-90
-90
-92
-92
-93
-96
-101
-107
-112
-112
-115
-117
-121
-122
-129
-136
-143
-142
-149
-154
-159
-168
-171
-170
-172
-167
-160
-153
-152
-142
-137
-130
-124
-115
-105
-107
-92
-84
-78
-72
-75
-72
-76
-75
-74
-68
-68
-63
-52
-44
-40
-36
-42
-44
-47
-52
-52
-51
-52
-54
-52
-55
-51
-52
-49
-48
-52
-48
-45
-42
-49
-47
-46
-41
-34
-31
-8
21
47
77
109
119
30
-131
-284
-362
-366
-313
-244
-187
-152
-132
-116
-109
-111
-103
-104
-101
-99
-96
-89
-80
-75
-67
-67
-63
-63
-62
-66
-66
-68
-72
-78
-80
-79
-78
-81
-78
-84
-84
-92
-98
-101
-106
-113
-116
-124
-129
-133
-137
-140
-148
-152
-159
-166
-170
-177
-184
-188
-187
-192
-196
-198
-200
-204
-205
-200
-201
-191
-184
-172
-156
-145
-131
-118
-107
-91
-72
-67
-63
-59
-54
-55
-55
-53
-55
-59
-61
-58
-54
-54
-51
-50
-42
-37
-29
-17
6
27
60
104
141
169
193
167
21
-173
-277
-306
-291
-248
-189
-141
-111
-95
-81
-74
-75
-75
-80
-87
-84
-85
-80
-82
-79
-78
-79
-76
-79
-80
-79
-69
-66
-60
-58
-63
-65
-66
-71
-75
-79
-83
-85
-88
-94
-96
-100
-96
-94
-100
-102
-108
-113
-120
-122
-128
-129
-135
-128
-132
-133
-130
-133
-128
-132
-122
-118
-111
-104
-91
-78
-72
-65
-59
-55
-53
-48
-46
-42
-42
-44
-47
-40
-40
-43
-43
-44
-43
-47
-50
-51
-51
-44
-47
-45
-47
-47
-49
-55
-49
-48
-48
-49
-49
-45
-34
-35
-39
-51
-50
-30
-9
18
12
-104
-255
-350
-396
-402
-394
-388
-379
-376
-366
-342
-314
-281
-234
-177
-132
-107
-84
-68
-54
-47
-40
-28
-24
-23
-26
-24
-26
-27
-33
-31
-24
-29
-30
-30
-34
-27
-29
-35
-36
-34
-37
-40
-44
-46
-44
-48
-47
-50
-52
-55
-54
-52
-56
-55
-52
-48
-48
-47
-46
-42
-37
-31
-24
-19
-12
-4
11
19
28
40
41
42
51
56
60
61
64
61
55
45
36
25
15
9
3
-6
-17
-16
-18
-26
-24
-25
-28
-29
-25
-19
-17
-18
-12
15
40
70
72
-30
-210
-338
-389
-392
-388
-373
-364
-364
-359
-331
-301
-272
-225
-169
-123
-89
-62
-35
-26
-21
-21
-21
-14
-12
-9
-4
-8
-2
0
-5
-5
-11
-13
-11
-14
-13
-20
-24
-26
-28
-24
-26
-28
-35
-38
-44
-51
-51
-53
-56
-53
-54
-54
-45
-48
-50
-52
-47
-41
-42
-39
-31
-21
-5
0
4
16
20
26
31
43
43
47
50
49
51
50
47
46
39
28
17
6
-3
-3
-10
-13
-16
-17
-16
-17
-16
-22
-21
-12
-1
17
45
83
120
153
181
212
208
94
-104
-248
-294
-270
-203
-147
-97
-74
-61
-53
-50
-46
-48
-52
-57
-53
-52
-53
-53
-55
-57
-52
-50
-48
-48
-45
-40
-33
-31
-35
-36
-46
-55
-57
-61
-67
-74
-73
-73
-67
-74
-78
-83
-85
-89
-96
-96
-96
-91
-95
-95
-94
-93
-98
-96
-100
-101
-95
-92
-91
-90
-81
-80
-69
-59
-56
-56
-54
-47
-46
-41
-31
-22
-19
-17
-16
-20
-23
-23
-19
-12
-13
-12
-9
-8
-15
-16
-21
-23
-30
-24
-22
-26
-27
-24
-18
-9
7
17
35
68
116
155
179
185
101
-75
-245
-332
-340
-307
-254
-189
-133
-91
-68
-57
-50
-47
-49
-49
-51
-50
-55
-54
-57
-53
-53
-45
-44
-35
-34
-33
-31
-36
-31
-32
-37
-43
-45
-54
-53
-55
-59
-61
-57
-53
-58
-59
-60
-54
-52
-57
-55
-62
-59
-66
-64
-67
-62
-60
-62
-61
-61
-53
-53
-57
-54
-52
-45
-35
-27
-21
-14
-13
-3
0
2
2
0
8
7
11
12
14
16
19
14
8
0
-2
-1
-6
-5
0
9
19
40
74
124
178
189
104
-70
-218
-297
-317
-309
-285
-255
-209
-157
-108
-80
-61
-50
-42
-37
-31
-32
-32
-37
-35
-38
-48
-47
-52
-50
-50
-49
-48
-44
-47
-44
-43
-42
-41
-37
-37
-37
-45
-51
-48
-59
-63
-64
-62
-64
-64
-65
-67
-62
-62
-64
-61
-58
-56
-55
-57
-55
-56
-54
-48
-38
-34
-26
-20
-13
-12
-9
-5
-7
-6
-2
-2
2
-9
-15
-15
-19
-20
-25
-28
-30
-30
-26
-16
-17
-20
-25
-30
-34
-36
-43
-48
-49
-47
-48
-50
-51
-55
-57
-61
-59
-60
-59
-60
-57
-57
-57
-59
-59
-65
-64
-65
-70
-64
-64
-69
-68
-67
-67
-67
-67
-72
-71
-75
-73
-79
-76
-75
-74
-72
-74
-72
-73
-68
-66
-64
-63
-61
-59
-62
-63
-64
-70
-75
-75
-76
-79
-75
-79
-76
-74
-74
-67
-65
-68
-65
-50
-36
-20
8
50
104
135
160
152
63
-97
-235
-308
-324
-312
-280
-227
-175
-142
-117
-110
-104
-101
-92
-94
-92
-91
-88
-85
-89
-87
-88
-88
-83
-80
-82
-88
-90
-91
-97
-93
-97
-105
-112
-114
-114
-112
-113
-107
-101
-97
-95
-97
-94
-88
-84
-80
-82
-85
-78
-77
-70
-73
-69
-70
-67
-63
-63
-61
-56
-51
-43
-36
-34
-28
-24
-18
-9
-3
5
7
16
28
22
27
28
31
33
30
36
32
20
13
2
-7
-19
-28
-36
-46
-58
-60
-63
-66
-69
-62
-63
-68
-66
-65
-66
-75
-79
-83
-89
-90
-89
-87
-88
-85
-87
-89
-88
-95
-96
-87
-84
-69
-29
20
62
104
126
70
-93
-253
-360
-381
-336
-261
-188
-138
-109
-97
-89
-93
-94
-91
-94
-96
-91
-89
-91
-88
-88
-91
-94
-90
-94
-96
-94
-90
-92
-93
-95
-104
-107
-119
-125
-130
-135
-140
-140
-143
-143
-150
-157
-166
-172
-176
-183
-193
-194
-198
-201
-203
-203
-209
-210
-214
-217
-222
-223
-224
-226
-222
-214
-206
-194
-185
-175
-166
-156
-144
-132
-117
-105
-77
-54
-35
-1
44
95
147
183
136
-31
-199
-262
-261
-236
-194
-150
-120
-107
-100
-88
-83
-84
-81
-82
-77
-76
-72
-81
-86
-82
-81
-81
-83
-83
-82
-80
-82
-86
-87
-90
-94
-99
-99
-102
-103
-104
-104
-111
-118
-119
-128
-135
-140
-143
-149
-143
-142
-132
-135
-131
-127
-123
-119
-118
-119
-112
-108
-99
-91
-87
-77
-75
-68
-64
-64
-61
-60
-61
-57
-61
-60
-62
-63
-68
-76
-81
-81
-86
-88
-88
-87
-88
-94
-95
-94
-100
-101
-98
-102
-104
-103
-105
-108
-110
-110
-118
-121
-122
-120
-120
-112
-110
-108
-104
-98
-90
-77
-51
-13
43
88
125
136
67
-88
-236
-315
-336
-314
-276
-220
-173
-142
-120
-113
-103
-99
-97
-98
-98
-98
-100
-103
-100
-102
-103
-100
-99
-102
-104
-102
-104
-111
-116
-118
-120
-125
-125
-125
-130
-133
-142
-148
-152
-160
-161
-167
-172
-169
-161
-154
-143
-134
-121
-114
-109
-112
-110
-108
-99
-97
-90
-88
-86
-82
-80
-74
-69
-56
-55
-48
-39
-34
-29
-26
-22
-27
-25
-28
-31
-35
-36
-40
-42
-51
-51
-59
-68
-76
-74
-82
-84
-90
-90
-88
-88
-96
-97
-101
-111
-114
-118
-119
-122
-118
-107
-93
-60
-12
38
82
116
93
-48
-218
-322
-355
-320
-264
-192
-148
-128
-116
-101
-101
-100
-98
-97
-94
-96
-100
-102
-102
-107
-111
-108
-108
-108
-102
-106
-112
-113
-114
-117
-122
-126
-132
-132
-134
-139
-140
-141
-142
-146
-151
-155
-159
-160
-164
-167
-172
-176
-180
-184
-190
-199
-203
-204
-199
-193
-172
-153
-137
-128
-114
-106
-97
-91
-82
-75
-68
-65
-55
-51
-49
-50
-56
-54
-59
-64
-64
-68
-67
-64
-59
-46
-26
4
58
107
143
178
210
158
-12
-200
-300
-312
-282
-239
-192
-151
-130
-113
-98
-98
-98
-91
-91
-90
-97
-101
-98
-106
-113
-127
-128
-127
-119
-111
-98
-93
-93
-92
-82
-89
-91
-94
-95
-93
-91
-98
-98
-105
-111
-113
-114
-118
-113
-115
-116
-119
-119
-119
-129
-126
-133
-125
-122
-124
-118
-108
-96
-92
-80
-71
-64
-62
-60
-56
-49
-47
-40
-38
-38
-40
-47
-53
-51
-55
-58
-48
-36
-6
20
67
109
146
183
224
211
84
-100
-214
-239
-213
-168
-128
-102
-88
-78
-75
-80
-72
-64
-66
-64
-66
-64
-68
-71
-73
-78
-82
-86
-86
-85
-90
-84
-88
-88
-92
-92
-103
-111
-108
-113
-117
-122
-121
-122
-131
-133
-137
-140
-147
-146
-139
-121
-118
-115
-118
-113
-109
-102
-104
-110
-115
-114
-108
-108
-88
-79
-73
-71
-71
-61
-55
-55
-57
-57
-52
-52
-53
-60
-68
-79
-99
-103
-106
-107
-107
-106
-105
-106
-110
-113
-116
-119
-125
-123
-125
-128
-132
-134
-128
-128
-128
-140
-150
-145
-141
-134
-123
-122
-116
-107
-102
-98
-103
-111
-117
-107
-111
-112
-100
-87
-57
0
66
118
143
137
79
-79
-247
-353
-385
-370
-338
-290
-230
-193
-177
-167
-155
-149
-149
-146
-141
-135
-134
-141
-146
-142
-139
-144
-148
-153
-154
-149
-155
-154
-158
-160
-166
-169
-172
-169
-164
-150
-136
-134
-141
-137
-128
-126
-129
-133
-140
-141
-137
-137
-140
-138
-132
-130
-135
-138
-139
-138
-138
-134
-137
-125
-118
-109
-108
-111
-109
-108
-102
-94
-94
-89
-78
-79
-85
-85
-84
-88
-89
-95
-96
-101
-106
-105
-104
-109
-117
-124
-127
-131
-142
-141
-143
-138
-136
-125
-118
-111
-107
-104
-103
-102
-113
-117
-114
-116
-115
-112
-112
-116
-117
-123
-125
-127
-128
-127
-128
-124
-123
-121
-122
-124
-121
-127
-128
-126
-128
-131
-123
-120
-117
-110
-103
-93
-77
-29
33
83
111
113
56
-93
-256
-349
-375
-364
-335
-292
-248
-218
-187
-166
-152
-136
-126
-119
-119
-115
-110
-106
-105
-103
-107
-106
-103
-105
-107
-112
-118
-116
-113
-118
-118
-123
-123
-124
-122
-126
-128
-135
-135
-140
-142
-145
-149
-148
-147
-149
-154
-152
-160
-156
-157
-159
-165
-162
-162
-165
-164
-163
-167
-166
-166
-168
-165
-169
-166
-166
-167
-159
-160
-162
-160
-150
-140
-120
-100
-78
-67
-63
-60
-57
-59
-64
-64
-62
-64
-66
-66
-62
-64
-59
-52
-39
-21
2
35
74
109
132
142
86
-81
-273
-368
-382
-344
-274
-209
-157
-124
-102
-86
-83
-80
-87
-85
-88
-88
-88
-87
-87
-81
-77
-77
-78
-84
-80
-84
-86
-91
-89
-92
-93
-94
-95
-102
-105
-113
-115
-116
-122
-128
-130
-131
-131
-134
-141
-141
-154
-157
-160
-156
-161
-161
-156
-156
-150
-144
-138
-137
-127
-121
-113
-102
-90
-79
-69
-63
-59
-59
-60
-63
-60
-57
-60
-61
-57
-59
-60
-61
-67
-68
-71
-76
-77
-76
-73
-74
-72
-73
-74
-79
-80
-82
-85
-86
-87
-84
-81
-79
-80
-82
-80
-85
-83
-79
-74
-69
-60
-41
-31
-20
-15
-16
-16
-22
-32
-38
-48
-54
-61
-67
-75
-85
-89
-95
-99
-98
-99
-96
-91
-84
-74
-60
-38
-2
53
99
126
149
135
25
-150
-294
-359
-363
-328
-277
-224
-176
-147
-128
-114
-106
-103
-101
-97
-98
-100
-102
-101
-105
-105
-105
-101
-102
-105
-103
-104
-110
-110
-116
-113
-118
-115
-114
-118
-114
-116
-118
-128
-128
-131
-136
-138
-140
-140
-141
-142
-142
-143
-144
-148
-152
-148
-153
-152
-152
-149
-150
-152
-147
-149
-148
-149
-147
-143
-135
-125
-115
-105
-98
-92
-85
-80
-72
-62
-60
-56
-48
-40
-38
-38
-36
-42
-40
-44
-45
-49
-46
-48
-46
-48
-46
-53
-54
-58
-61
-62
-61
-61
-61
-60
-62
-63
-60
-64
-67
-68
-71
-68
-72
-69
-70
-69
-66
-70
-70
-75
-75
-75
-76
-76
-73
-72
-71
-72
-67
-70
-77
-76
-80
-80
-79
-79
-73
-73
-70
-73
-74
-76
-76
-75
-77
-72
-72
-70
-64
-67
-64
-70
-73
-75
-75
-74
-72
-72
-70
-68
-66
-73
-70
-70
-75
-77
-73
-76
-74
-71
-68
-70
-68
-69
-73
-72
-73
-75
-72
-69
-71
-67
-68
-66
-70
-73
-72
-76
-78
-78
-75
-70
-69
-65
-67
-65
-71
-73
-78
-73
-73
-65
-61
-55
-48
-42
-43
-41
-45
-40
-37
-32
-25
-17
-10
-4
-4
-1
7
7
8
8
12
19
18
7
7
3
-6
-15
-21
-28
-30
-36
-33
-36
-29
-26
-24
-18
-4
7
37
92
147
188
212
227
171
20
-145
-251
-287
-274
-238
-192
-140
-101
-74
-61
-51
-46
-42
-36
-40
-46
-44
-40
-42
-48
-46
-45
-45
-45
-44
-43
-50
-51
-55
-57
-58
-57
-52
-53
-56
-59
-63
-62
-67
-72
-75
-73
-77
-76
-72
-73
-79
-75
-79
-86
-87
-86
-85
-86
-85
-78
-77
-78
-76
-78
-83
-82
-82
-79
-72
-77
-70
-68
-64
-62
-56
-51
-51
-42
-44
-33
-27
-19
-11
1
-5
-2
0
0
5
4
4
2
7
12
7
6
2
-3
-1
-4
-7
-8
-10
-9
-10
-7
-10
-8
-9
-13
-17
-20
-18
-17
-17
-10
-10
-9
-13
-11
-12
-14
-16
-19
-18
-19
-14
-15
-15
-16
-15
-15
-20
-22
-23
-23
-19
-19
-15
-13
-10
-14
-16
-17
-21
-21
-21
-22
-20
-20
-16
-20
-15
-19
-20
-20
-21
-20
-20
-16
-13
-11
-10
-11
-11
-14
-18
-21
-17
-16
-17
-14
-10
-10
-10
-10
-13
-15
-15
-15
-16
-12
-11
-4
-7
-2
1
4
9
7
12
12
17
21
26
25
21
24
28
23
16
9
4
0
-3
-8
-9
-11
-16
-14
-17
-23
-19
-17
-9
4
22
55
115
172
215
240
234
138
-44
-194
-266
-276
-248
-197
-144
-102
-67
-51
-36
-32
-32
-30
-24
-25
-22
-21
-25
-30
-31
-30
-36
-32
-34
-31
-24
-24
-30
-32
-33
-38
-41
-44
-47
-47
-47
-48
-49
-52
-58
-62
-68
-71
-76
-80
-84
-87
-88
-90
-93
-96
-99
-105
-110
-115
-114
-117
-117
-119
-119
-120
-121
-125
-128
-129
-127
-122
-116
-103
-90
-84
-74
-69
-62
-49
-41
-36
-28
-18
-13
-4
0
5
7
6
3
8
8
7
10
11
14
12
9
9
7
3
5
3
0
0
5
13
12
10
7
10
3
-2
-2
-9
-6
-1
2
0
1
1
-2
-3
-10
-8
-8
-8
-8
-3
-2
-3
-6
-6
-11
-11
-10
-8
-12
-11
-6
-8
-8
-9
-14
-19
-17
-14
-11
-9
-13
-12
-11
-10
-13
-11
-16
-19
-17
-19
-20
-20
-16
-15
-15
-18
-22
-18
-15
-13
-16
-20
-20
-18
-13
-12
-14
-16
-12
-14
-8
-4
-1
6
7
12
17
17
12
6
9
7
3
-4
-8
-5
-13
-14
-24
-27
-30
-40
-39
-44
-43
-37
-27
-13
-3
21
69
129
187
229
255
210
68
-103
-228
-282
-282
-260
-227
-175
-128
-104
-83
-78
-66
-64
-68
-69
-75
-78
-84
-84
-89
-88
-92
-91
-90
-94
-91
-92
-94
-96
-98
-104
-106
-108
-105
-103
-105
-107
-111
-115
-121
-126
-131
-129
-131
-138
-143
-147
-148
-151
-160
-162
-164
-167
-173
-178
-180
-182
-181
-175
-182
-196
-197
-200
-199
-197
-187
-178
-166
-150
-141
-128
-119
-104
-94
-83
-79
-77
-78
-77
-74
-75
-73
-72
-74
-76
-77
-73
-74
-77
-79
-74
-78
-78
-82
-86
-85
-84
-83
-86
-88
-84
-81
-77
-79
-83
-86
-94
-90
-92
-93
-96
-89
-87
-86
-89
-89
-90
-92
-92
-88
-85
-92
-92
-86
-66
-17
54
129
177
175
62
-125
-272
-340
-352
-327
-290
-253
-202
-151
-115
-90
-73
-63
-56
-55
-56
-64
-71
-70
-72
-72
-76
-78
-78
-78
-73
-76
-76
-78
-86
-92
-99
-99
-100
-102
-105
-111
-110
-111
-113
-116
-124
-128
-130
-134
-142
-148
-144
-145
-145
-154
-157
-161
-169
-173
-170
-172
-175
-172
-166
-163
-158
-147
-144
-139
-128
-121
-110
-108
-104
-89
-83
-75
-74
-69
-69
-77
-77
-77
-71
-75
-75
-77
-76
-80
-80
-79
-85
-85
-88
-92
-93
-89
-86
-87
-85
-83
-91
-94
-97
-94
-92
-91
-92
-95
-95
-95
-90
-98
-100
-102
-103
-106
-104
-101
-101
-95
-94
-99
-100
-105
-104
-105
-102
-102
-102
-98
-96
-95
-93
-98
-103
-102
-107
-107
-103
-103
-100
-96
-93
-96
-92
-98
-103
-104
-104
-105
-104
-101
-101
-96
-98
-103
-103
-104
-102
-104
-104
-103
-105
-99
-96
-97
-95
-99
-103
-104
-100
-104
-103
-102
-100
-94
-95
-97
-98
-102
-99
-100
-100
-99
-99
-93
-94
-96
-95
-94
-97
-96
-96
-97
-95
-94
-92
-91
-93
-89
-92
-92
-95
-97
-96
-96
-91
-88
-86
-89
-91
-86
-88
-95
-98
-92
-93
-92
-86
-85
-85
-88
-86
-86
-89
-91
-92
-91
-87
-84
-86
-83
-84
-81
-85
-90
-90
-87
-92
-88
-85
-80
-78
-79
-83
-83
-83
-85
-89
-83
-87
-87
-81
-75
-74
-76
-77
-81
-84
-85
-81
-80
-76
-69
-59
-51
-49
-52
-55
-54
-52
-48
-48
-41
-38
-35
-44
-48
-54
-62
-73
-83
-84
-94
-92
-92
-90
-84
-83
-84
-74
-63
-42
2
68
120
146
175
164
49
-128
-278
-344
-345
-313
-264
-209
-170
-141
-124
-112
-114
-112
-110
-113
-110
-113
-112
-109
-106
-110
-109
-105
-111
-114
-123
-117
-119
-124
-119
-120
-122
-121
-122
-124
-128
-131
-135
-133
-139
-141
-139
-139
-140
-144
-151
-155
-163
-164
-165
-168
-168
-174
-173
-173
-174
-176
-177
-183
-183
-184
-189
-192
-187
-184
-180
-176
-179
-179
-178
-169
-156
-147
-137
-117
-105
-84
-72
-58
-51
-47
-47
-46
-50
-51
-46
-43
-37
-35
-37
-44
-45
-43
-37
-43
-42
-41
-43
-41
-38
-44
-48
-51
-52
-55
-50
-51
-44
-48
-47
-46
-48
-52
-54
-48
-51
-57
-50
-50
-45
-44
-44
-44
-50
-53
-49
-45
-50
-48
-59
-46
-24
15
51
95
105
12
-149
-270
-331
-351
-349
-338
-320
-297
-264
-229
-192
-138
-75
-26
-10
-9
-3
-6
-1
-2
-10
-12
-8
-8
-13
-16
-13
-15
-19
-19
-20
-24
-34
-34
-37
-37
-39
-40
-41
-41
-48
-47
-55
-56
-65
-65
-71
-77
-78
-75
-77
-80
-84
-89
-93
-96
-95
-92
-93
-84
-76
-68
-63
-51
-43
-38
-30
-24
-11
-7
0
9
16
17
19
17
13
9
9
9
9
9
7
3
-4
-4
-6
-11
-16
-22
-21
-25
-23
-20
-19
-19
-23
-27
-30
-32
-33
-37
-35
-33
-32
-28
-31
-31
-34
-40
-41
-43
-42
-42
-43
-40
-38
-37
-35
-39
-40
-41
-45
-45
-44
-40
-43
-38
-38
-40
-39
-41
-47
-49
-43
-44
-40
-40
-37
-39
-38
-38
-41
-49
-48
-47
-45
-46
-43
-42
-40
-40
-44
-45
-46
-50
-48
-49
-47
-43
-40
-39
-40
-40
-42
-49
-43
-48
-47
-46
-45
-39
-40
-43
-45
-44
-48
-54
-47
-44
-48
-45
-41
-43
-42
-43
-44
-41
-44
-47
-44
-43
-43
-45
-39
-39
-38
-46
-47
-47
-49
-46
-49
-48
-44
-43
-42
-41
-41
-39
-43
-43
-44
-47
-50
-44
-41
-40
-40
-41
-43
-42
-46
-42
-44
-46
-43
-45
-41
-40
-40
-37
-37
-43
-43
-41
-40
-43
-39
-36
-36
-38
-37
-39
-40
-40
-40
-40
-37
-33
-23
-18
-16
-10
-8
-15
-12
-4
-2
0
3
11
14
16
6
-2
-11
-24
-29
-38
-41
-43
-42
-44
-39
-43
-44
-46
-34
-20
3
52
120
181
215
245
227
106
-70
-215
-286
-301
-278
-233
-179
-130
-95
-78
-68
-62
-66
-67
-66
-65
-64
-61
-59
-58
-54
-60
-60
-64
-68
-68
-70
-71
-72
-72
-67
-66
-74
-72
-72
-80
-84
-85
-83
-86
-88
-87
-87
-94
-97
-102
-106
-110
-115
-114
-114
-115
-116
-120
-125
-126
-128
-130
-133
-137
-139
-139
-136
-136
-131
-135
-135
-134
-133
-128
-120
-109
-101
-88
-72
-57
-40
-27
-20
-13
-17
-19
-19
-20
-20
-20
-16
-20
-20
-32
-36
-34
-32
-32
-35
-32
-36
-34
-34
-37
-37
-42
-42
-45
-46
-48
-46
-42
-47
-44
-43
-45
-46
-51
-51
-50
-54
-57
-47
-49
-44
-45
-44
-48
-48
-50
-60
-67
-69
-42
-4
43
93
96
-18
-183
-297
-343
-355
-356
-346
-336
-335
-313
-287
-256
-211
-158
-97
-52
-33
-28
-24
-22
-19
-18
-19
-22
-19
-20
-20
-14
-14
-11
-12
-14
-16
-14
-18
-22
-23
-25
-24
-21
-23
-24
-25
-30
-38
-38
-42
-41
-42
-42
-45
-44
-49
-51
-50
-54
-54
-50
-46
-44
-34
-23
-16
-6
4
13
18
26
36
43
52
56
62
66
62
61
58
55
53
43
39
31
31
27
23
16
10
10
6
4
1
-2
-3
0
-1
-3
-3
-4
-7
-7
-12
-17
-11
-16
-21
-15
-10
-6
-1
9
16
25
37
47
44
50
48
38
31
23
11
-2
-10
-20
-26
-33
-34
-29
-34
-32
-28
-25
-19
-18
-2
31
103
168
218
253
249
143
-45
-202
-280
-295
-273
-222
-168
-116
-79
-62
-50
-42
-42
-45
-49
-51
-49
-51
-45
-41
-38
-40
-42
-42
-51
-49
-47
-44
-52
-53
-52
-55
-52
-53
-56
-64
-70
-73
-73
-77
-78
-80
-85
-86
-94
-106
-111
-116
-122
-131
-138
-140
-138
-138
-141
-147
-154
-157
-164
-165
-166
-161
-159
-146
-138
-133
-130
-118
-112
-101
-91
-76
-64
-60
-52
-37
-32
-30
-30
-30
-30
-28
-29
-23
-23
-19
-16
-21
-24
-26
-29
-35
-37
-30
-29
-18
-23
-25
-28
-32
-35
-38
-40
-38
-40
-42
-44
-40
-43
-43
-53
-69
-75
-85
-86
-93
-94
-90
-88
-85
-80
-80
-87
-85
-86
-82
-86
-91
-91
-90
-84
-82
-86
-85
-92
-94
-93
-91
-92
-92
-88
-85
-83
-87
-84
-85
-89
-95
-92
-96
-96
-89
-88
-85
-84
-86
-96
-96
-92
-90
-96
-96
-92
-86
-88
-90
-87
-86
-89
-89
-93
-97
-100
-92
-86
-86
-89
-95
-98
-99
-96
-93
-94
-97
-92
-89
-86
-84
-87
-89
-90
-93
-92
-95
-88
-88
-85
-72
-63
-60
-63
-66
-64
-57
-58
-56
-58
-45
-42
-48
-60
-64
-76
-84
-90
-97
-101
-103
-105
-100
-100
-98
-93
-90
-80
-64
-31
27
106
166
208
216
122
-53
-223
-329
-356
-342
-315
-278
-226
-178
-146
-134
-128
-126
-122
-123
-116
-118
-120
-118
-116
-114
-114
-117
-118
-120
-121
-125
-122
-127
-126
-126
-122
-126
-127
-131
-135
-135
-137
-140
-145
-142
-144
-147
-149
-151
-154
-160
-164
-168
-170
-171
-174
-170
-176
-179
-180
-180
-187
-189
-189
-189
-189
-191
-186
-187
-185
-182
-183
-171
-162
-149
-143
-135
-123
-105
-92
-76
-68
-63
-66
-69
-75
-81
-82
-82
-82
-84
-83
-84
-88
-90
-97
-98
-104
-101
-102
-99
-94
-97
-97
-99
-104
-108
-109
-109
-109
-112
-110
-108
-104
-109
-109
-110
-113
-115
-119
-116
-119
-115
-106
-106
-112
-111
-110
-115
-117
-117
-108
-106
-107
-93
-52
16
91
145
141
14
-182
-331
-394
-400
-378
-338
-284
-211
-150
-113
-91
-82
-86
-89
-84
-85
-83
-86
-85
-92
-86
-93
-101
-103
-101
-106
-108
-108
-110
-114
-115
-118
-127
-127
-128
-134
-137
-136
-135
-135
-134
-142
-147
-153
-163
-165
-172
-177
-182
-179
-180
-186
-189
-191
-196
-200
-203
-203
-201
-200
-186
-182
-178
-167
-163
-155
-148
-137
-124
-122
-110
-99
-89
-86
-80
-80
-83
-81
-83
-81
-82
-85
-81
-80
-79
-82
-86
-86
-88
-92
-93
-92
-91
-89
-83
-84
-86
-87
-89
-100
-100
-99
-97
-92
-95
-93
-94
-96
-96
-96
-99
-99
-105
-100
-101
-93
-95
-97
-93
-95
-96
-99
-106
-105
-105
-102
-99
-98
-93
-95
-94
-86
-71
-59
-66
-62
-64
-61
-55
-53
-53
-51
-57
-59
-59
-62
-63
-60
-54
-51
-48
-41
-31
-21
-12
0
8
8
16
16
15
9
2
-10
-20
-27
-38
-46
-57
-62
-64
-69
-64
-67
-63
-61
-66
-64
-47
-39
-18
34
104
165
193
220
200
60
-130
-259
-318
-323
-280
-221
-171
-128
-103
-85
-80
-79
-77
-74
-71
-71
-71
-65
-68
-74
-71
-75
-81
-82
-82
-79
-81
-80
-79
-82
-83
-88
-89
-93
-96
-99
-100
-99
-101
-103
-110
-112
-116
-122
-131
-132
-135
-140
-147
-148
-148
-150
-152
-161
-169
-169
-173
-175
-177
-178
-180
-176
-178
-183
-183
-180
-182
-177
-172
-170
-158
-141
-131
-117
-107
-96
-87
-82
-72
-65
-56
-49
-44
-41
-36
-30
-30
-33
-36
-36
-37
-37
-36
-35
-30
-32
-27
-26
-33
-35
-37
-36
-34
-36
-34
-34
-30
-35
-34
-38
-41
-43
-41
-41
-43
-41
-41
-45
-41
-44
-44
-48
-48
-48
-51
-48
-45
-44
-40
-41
-42
-46
-51
-51
-51
-49
-49
-49
-46
-47
-44
-43
-47
-48
-53
-45
-47
-44
-45
-41
-42
-37
-40
-45
-49
-50
-49
-45
-49
-50
-50
-50
-45
-49
-49
-48
-53
-49
-48
-48
-46
-49
-45
-46
-44
-43
-47
-53
-55
-54
-54
-50
-49
-48
-50
-46
-47
-47
-53
-51
-53
-53
-54
-51
-46
-42
-41
-28
-25
-30
-23
-24
-17
-12
-3
1
10
14
14
3
-10
-20
-26
-40
-44
-50
-53
-51
-55
-60
-61
-54
-57
-58
-48
-33
-10
42
111
165
200
225
204
64
-128
-263
-320
-324
-296
-232
-172
-130
-105
-91
-84
-88
-86
-88
-83
-82
-79
-75
-79
-76
-78
-83
-83
-90
-91
-90
-92
-88
-88
-90
-92
-93
-100
-105
-107
-105
-111
-107
-107
-108
-114
-120
-123
-125
-134
-137
-146
-149
-156
-159
-154
-161
-164
-165
-173
-182
-186
-188
-190
-196
-196
-194
-196
-194
-194
-182
-179
-170
-169
-155
-143
-132
-115
-104
-94
-82
-84
-83
-83
-78
-75
-70
-65
-57
-62
-63
-57
-59
-62
-58
-64
-63
-61
-64
-60
-57
-59
-60
-60
-67
-67
-68
-69
-73
-70
-67
-63
-68
-64
-64
-70
-70
-73
-69
-70
-75
-69
-68
-69
-69
-70
-72
-75
-74
-71
-72
-72
-67
-56
-54
-40
-1
67
131
183
204
118
-65
-233
-314
-314
-272
-210
-143
-96
-72
-58
-45
-42
-41
-44
-43
-45
-46
-50
-54
-57
-62
-66
-71
-70
-72
-74
-77
-80
-76
-79
-83
-85
-84
-84
-91
-90
-89
-92
-92
-97
-101
-110
-114
-120
-119
-126
-128
-129
-131
-139
-138
-145
-154
-156
-155
-162
-160
-158
-157
-159
-153
-143
-136
-128
-119
-108
-98
-88
-76
-62
-57
-49
-39
-41
-32
-35
-31
-31
-34
-34
-28
-31
-32
-37
-39
-43
-45
-44
-40
-47
-45
-43
-39
-40
-39
-36
-44
-46
-50
-48
-46
-42
-45
-41
-41
-44
-42
-48
-49
-48
-48
-47
-48
-48
-45
-45
-43
-43
-36
-32
-25
-16
-7
11
23
21
27
20
7
0
-7
-18
-27
-37
-46
-52
-58
-62
-67
-65
-69
-68
-67
-62
-60
-56
-46
-42
-27
6
66
131
178
215
206
84
-116
-255
-314
-322
-293
-241
-183
-140
-111
-91
-78
-71
-69
-66
-62
-61
-63
-60
-68
-65
-69
-68
-73
-68
-69
-69
-69
-69
-71
-73
-77
-79
-80
-82
-82
-82
-85
-86
-88
-93
-99
-102
-112
-116
-120
-119
-123
-122
-127
-129
-136
-143
-152
-152
-160
-159
-160
-155
-162
-160
-160
-161
-162
-156
-157
-149
-144
-134
-120
-106
-98
-84
-73
-66
-58
-46
-42
-39
-26
-24
-20
-19
-18
-17
-22
-24
-24
-22
-24
-16
-18
-16
-16
-24
-24
-27
-27
-24
-24
-25
-23
-24
-20
-18
-21
-23
-26
-28
-28
-30
-27
-25
-24
-22
-21
-24
-32
-32
-35
-36
-31
-32
-23
-21
-24
-25
-22
-28
-31
-32
-32
-35
-32
-31
-30
-28
-32
-30
-29
-32
-37
-41
-39
-38
-38
-34
-29
-29
-30
-32
-33
-38
-39
-38
-41
-42
-44
-43
-41
-43
-43
-48
-55
-46
-41
-46
-47
-46
-47
-44
-45
-45
-48
-51
-52
-53
-53
-54
-48
-52
-59
-68
-70
-78
-86
-88
-88
-83
-83
-81
-79
-78
-74
-69
-61
-59
-59
-59
-65
-58
-56
-44
-42
-36
-30
-29
-41
-52
-61
-67
-72
-76
-79
-80
-79
-87
-87
-91
-96
-93
-86
-72
-58
-26
37
107
165
207
227
160
-10
-191
-302
-343
-334
-309
-267
-217
-171
-144
-129
-122
-113
-108
-110
-110
-104
-104
-103
-109
-107
-108
-107
-115
-116
-116
-118
-115
-108
-112
-114
-117
-116
-123
-125
-130
-126
-128
-126
-126
-132
-137
-138
-135
-143
-150
-154
-158
-165
-167
-164
-165
-168
-170
-176
-181
-190
-188
-191
-193
-195
-193
-196
-195
-197
-200
-203
-207
-199
-196
-196
-185
-176
-172
-160
-155
-140
-140
-134
-126
-119
-114
-107
-97
-88
-82
-85
-84
-79
-77
-76
-74
-69
-69
-70
-69
-64
-62
-64
-69
-70
-71
-67
-69
-67
-65
-66
-62
-58
-64
-63
-65
-67
-72
-70
-67
-70
-62
-67
-64
-63
-69
-69
-70
-73
-74
-72
-71
-69
-67
-69
-70
-69
-72
-77
-77
-76
-72
-69
-64
-62
-63
-65
-64
-60
-64
-65
-67
-64
-65
-64
-60
-58
-59
-52
-56
-58
-63
-62
-60
-64
-61
-54
-51
-51
-46
-31
-29
-31
-31
-24
-24
-28
-23
-24
-22
-22
-22
-24
-24
-21
-24
-22
-14
-8
0
3
2
6
7
10
7
6
5
7
9
7
0
1
-7
-14
-21
-26
-34
-35
-39
-39
-32
-28
-29
-29
-13
-8
13
59
129
178
211
235
214
82
-102
-237
-302
-306
-282
-231
-170
-123
-87
-68
-52
-43
-44
-45
-45
-46
-42
-47
-43
-45
-44
-44
-40
-39
-42
-44
-47
-51
-51
-49
-54
-49
-52
-50
-52
-60
-64
-69
-72
-72
-79
-77
-77
-84
-87
-95
-105
-108
-117
-120
-126
-126
-135
-143
-142
-150
-154
-153
-162
-172
-169
-175
-180
-186
-184
-178
-177
-172
-172
-170
-164
-152
-142
-132
-122
-106
-92
-77
-70
-60
-53
-51
-40
-36
-30
-26
-23
-16
-13
-12
-13
-14
-14
-19
-16
-13
-15
-13
-11
-10
-10
-12
-10
-19
-19
-21
-19
-20
-21
-16
-16
-16
-17
-20
-20
-27
-26
-27
-26
-24
-21
-26
-23
-24
-23
-27
-31
-37
-36
-32
-35
-24
-28
-24
-27
-27
-32
-32
-34
-32
-37
-32
-33
-29
-29
-30
-27
-31
-34
-32
-35
-34
-33
-32
-30
-28
-26
-29
-33
-33
-33
-38
-35
-32
-33
-29
-30
-35
-32
-33
-31
-31
-32
-25
-19
-10
-1
-1
-1
3
5
2
-3
-3
-2
-4
-10
-10
-14
-20
-22
-29
-39
-40
-40
-47
-47
-44
-40
-40
-30
-18
-9
20
79
150
195
227
245
177
0
-173
-277
-311
-297
-256
-198
-145
-105
-82
-63
-56
-53
-56
-56
-56
-55
-56
-58
-55
-55
-51
-50
-50
-57
-59
-63
-66
-66
-64
-64
-64
-60
-62
-65
-67
-64
-74
-76
-78
-83
-84
-92
-93
-95
-97
-103
-109
-119
-126
-129
-135
-141
-148
-148
-151
-154
-162
-165
-168
-175
-181
-183
-187
-184
-184
-177
-171
-164
-158
-148
-143
-136
-120
-108
-96
-83
-69
-58
-48
-42
-37
-36
-27
-22
-21
-18
-15
-12
-13
-8
-16
-13
-18
-20
-20
-16
-15
-11
-10
-11
-10
-11
-14
-20
-22
-21
-19
-20
-17
-15
-12
-14
-16
-19
-19
-23
-24
-23
-25
-22
-16
-16
-18
-25
-22
-28
-23
-24
-22
-23
-23
-22
-22
-22
-24
-21
-22
-26
-22
-28
-31
-25
-20
-18
-18
-19
-23
-25
-23
-28
-26
-21
-24
-23
-18
-15
-17
-19
-23
-27
-27
-28
-24
-23
-23
-18
-18
-17
-16
-16
-14
-9
-3
2
1
7
14
18
23
18
11
12
13
12
10
5
-2
-8
-9
-12
-18
-20
-28
-32
-31
-26
-28
-23
-12
4
23
64
132
191
222
255
253
151
-38
-192
-268
-281
-256
-206
-153
-104
-77
-52
-45
-38
-32
-31
-29
-27
-27
-28
-28
-30
-32
-31
-32
-31
-26
-29
-30
-34
-34
-33
-36
-39
-41
-40
-44
-43
-43
-46
-50
-52
-57
-66
-64
-75
-75
-82
-83
-87
-89
-94
-96
-105
-116
-124
-123
-122
-127
-131
-132
-138
-143
-139
-151
-154
-154
-150
-153
-149
-141
-128
-114
-103
-94
-85
-75
-59
-46
-39
-34
-19
-7
0
5
9
11
12
11
15
13
18
19
24
21
20
23
24
25
19
12
12
13
12
13
15
16
17
21
15
15
13
10
6
6
13
18
19
15
9
9
6
9
8
6
2
4
5
4
5
7
2
-1
-3
1
0
0
4
1
1
-1
7
3
1
-2
-6
-6
-3
-6
-4
-2
-3
-3
-5
-7
-7
-6
-8
-8
-8
-3
0
-3
-4
-8
-8
-6
-6
-8
-9
-9
-6
0
2
0
0
8
1
7
6
14
18
21
19
24
20
13
10
0
-9
-14
-20
-28
-30
-32
-34
-32
-36
-35
-37
-31
-13
-3
22
74
147
204
252
273
201
18
-164
-277
-325
-324
-294
-246
-187
-144
-115
-99
-93
-93
-93
-94
-89
-86
-86
-78
-82
-79
-81
-78
-88
-85
-92
-91
-88
-87
-88
-89
-91
-91
-92
-92
-97
-97
-102
-103
-107
-107
-108
-104
-106
-115
-130
-133
-141
-142
-143
-153
-154
-159
-165
-170
-174
-179
-186
-188
-197
-201
-197
-198
-200
-200
-200
-200
-202
-187
-182
-177
-168
-151
-136
-129
-116
-107
-98
-97
-94
-93
-83
-74
-71
-67
-63
-61
-60
-59
-56
-61
-62
-58
-58
-54
-48
-46
-50
-46
-54
-56
-56
-56
-56
-56
-52
-47
-50
-55
-53
-56
-58
-63
-62
-60
-63
-66
-66
-63
-61
-57
-59
-65
-72
-71
-71
-70
-66
-69
-70
-65
-65
-66
-69
-69
-72
-78
-74
-71
-68
-71
-68
-69
-71
-72
-82
-81
-77
-77
-77
-73
-74
-73
-71
-74
-76
-76
-82
-83
-85
-78
-74
-73
-74
-77
-76
-74
-81
-79
-80
-70
-66
-55
-49
-48
-48
-48
-44
-45
-47
-52
-50
-50
-53
-56
-59
-63
-68
-74
-85
-90
-93
-95
-94
-93
-88
-81
-79
-64
-56
-38
7
78
128
162
187
151
-2
-186
-309
-359
-349
-329
-284
-226
-177
-146
-125
-115
-101
-103
-101
-105
-104
-105
-106
-106
-106
-108
-105
-105
-105
-107
-106
-109
-113
-105
-115
-112
-108
-111
-113
-114
-114
-118
-126
-127
-132
-133
-138
-142
-138
-143
-149
-153
-160
-168
-176
-182
-187
-190
-195
-198
-202
-205
-211
-216
-221
-228
-231
-232
-232
-237
-237
-230
-222
-218
-208
-202
-196
-186
-174
-156
-150
-138
-126
-115
-107
-97
-96
-91
-86
-85
-81
-79
-78
-70
-69
-63
-66
-65
-67
-66
-71
-70
-70
-68
-63
-60
-60
-62
-62
-67
-67
-68
-72
-68
-70
-66
-66
-67
-68
-70
-72
-73
-73
-76
-78
-76
-79
-74
-74
-74
-72
-75
-79
-81
-84
-84
-84
-80
-76
-76
-80
-76
-82
-81
-84
-81
-68
-58
-61
-60
-55
-55
-56
-54
-57
-61
-62
-61
-58
-58
-56
-54
-51
-48
-47
-48
-49
-52
-50
-52
-48
-49
-43
-42
-43
-38
-38
-33
-33
-26
-27
-23
-21
-13
-12
-14
-17
-20
-17
-26
-32
-37
-42
-47
-49
-49
-50
-57
-59
-64
-65
-60
-61
-57
-39
-25
3
61
132
177
205
226
192
33
-156
-283
-332
-338
-307
-241
-186
-139
-112
-97
-82
-82
-82
-80
-76
-74
-69
-72
-72
-76
-78
-79
-81
-77
-77
-78
-79
-80
-80
-80
-85
-92
-90
-93
-95
-98
-95
-100
-98
-102
-106
-108
-116
-121
-126
-131
-132
-139
-136
-144
-143
-154
-161
-165
-175
-180
-186
-184
-191
-194
-194
-201
-204
-208
-206
-210
-210
-202
-200
-196
-184
-171
-161
-148
-137
-130
-116
-109
-98
-88
-76
-69
-59
-49
-49
-46
-47
-48
-48
-44
-46
-48
-45
-42
-39
-40
-41
-48
-51
-49
-54
-50
-48
-48
-46
-45
-47
-50
-46
-47
-51
-51
-54
-55
-51
-52
-51
-52
-50
-52
-53
-57
-58
-58
-58
-57
-57
-52
-51
-54
-55
-58
-60
-59
-59
-58
-59
-55
-56
-51
-54
-53
-57
-59
-60
-58
-56
-57
-55
-51
-51
-51
-56
-59
-62
-57
-64
-60
-58
-60
-56
-54
-52
-59
-56
-57
-58
-57
-54
-50
-46
-40
-35
-30
-28
-27
-30
-29
-26
-34
-34
-32
-28
-34
-42
-41
-48
-58
-62
-67
-72
-74
-74
-68
-66
-65
-61
-54
-45
-24
28
102
158
191
222
196
43
-149
-274
-326
-329
-303
-237
-185
-144
-116
-98
-87
-83
-84
-84
-87
-90
-86
-90
-91
-88
-86
-86
-85
-85
-89
-90
-93
-97
-98
-97
-98
-96
-92
-93
-98
-101
-105
-110
-112
-113
-118
-125
-124
-126
-132
-134
-143
-148
-157
-162
-166
-169
-180
-178
-182
-188
-191
-199
-204
-210
-214
-218
-223
-219
-216
-214
-206
-200
-196
-188
-183
-174
-161
-149
-133
-124
-111
-99
-88
-81
-74
-75
-71
-69
-70
-66
-63
-53
-52
-56
-56
-57
-61
-57
-54
-61
-61
-56
-53
-52
-51
-53
-54
-61
-61
-62
-61
-67
-60
-60
-61
-61
-63
-63
-65
-68
-68
-68
-69
-64
-64
-67
-61
-62
-67
-72
-72
-72
-70
-72
-71
-69
-68
-66
-62
-68
-69
-70
-73
-72
-72
-70
-66
-64
-63
-68
-64
-70
-73
-70
-67
-66
-65
-65
-63
-58
-62
-68
-67
-70
-70
-67
-64
-64
-60
-56
-56
-49
-44
-40
-43
-39
-35
-34
-29
-22
-24
-25
-19
-25
-34
-43
-48
-48
-54
-60
-62
-60
-64
-63
-60
-67
-66
-63
-54
-41
-28
22
92
157
200
235
231
109
-89
-251
-327
-335
-319
-261
-197
-145
-107
-93
-85
-77
-75
-77
-75
-74
-68
-67
-68
-72
-75
-79
-76
-84
-85
-81
-83
-85
-84
-82
-80
-84
-86
-88
-91
-92
-96
-101
-102
-101
-100
-104
-106
-115
-124
-128
-135
-139
-146
-152
-150
-156
-161
-168
-173
-183
-189
-189
-193
-196
-197
-199
-200
-198
-200
-202
-204
-199
-198
-188
-181
-164
-151
-137
-130
-120
-115
-112
-99
-93
-87
-78
-72
-69
-65
-68
-80
-96
-99
-105
-98
-95
-99
-96
-92
-89
-92
-91
-96
-96
-98
-102
-104
-100
-99
-99
-91
-90
-94
-96
-97
-98
-99
-100
-103
-102
-101
-102
-103
-98
-95
-100
-107
-110
-108
-104
-101
-103
-104
-105
-106
-106
-108
-108
-111
-110
-100
-105
-104
-105
-105
-103
-104
-101
-104
-110
-108
-106
-104
-102
-106
-103
-111
-111
-109
-106
-108
-110
-112
-111
-111
-98
-101
-99
-96
-96
-102
-98
-94
-91
-85
-87
-80
-82
-77
-69
-74
-78
-80
-81
-81
-92
-96
-93
-93
-102
-108
-108
-116
-117
-118
-113
-113
-109
-92
-77
-55
-19
39
104
147
189
193
90
-100
-254
-336
-346
-333
-313
-262
-211
-171
-149
-140
-128
-120
-117
-116
-111
-110
-117
-118
-113
-115
-119
-122
-116
-114
-116
-116
-119
-120
-124
-122
-118
-122
-122
-121
-121
-120
-118
-123
-127
-133
-138
-140
-147
-148
-153
-152
-155
-163
-171
-175
-185
-190
-195
-200
-199
-206
-208
-212
-214
-221
-226
-226
-230
-234
-233
-238
-230
-221
-215
-206
-195
-184
-175
-171
-160
-148
-137
-127
-114
-111
-107
-98
-96
-96
-94
-91
-89
-91
-87
-84
-80
-80
-77
-76
-77
-82
-79
-79
-83
-79
-75
-72
-73
-70
-74
-78
-77
-80
-83
-80
-82
-78
-77
-80
-78
-78
-82
-84
-88
-91
-82
-81
-78
-80
-76
-79
-77
-82
-84
-85
-87
-87
-85
-87
-82
-82
-82
-78
-87
-85
-87
-91
-87
-89
-89
-82
-82
-84
-83
-86
-86
-92
-88
-87
-87
-87
-84
-83
-78
-79
-80
-84
-86
-86
-91
-86
-82
-80
-74
-71
-67
-61
-54
-56
-54
-55
-59
-52
-52
-53
-49
-46
-51
-56
-64
-66
-69
-77
-81
-83
-80
-83
-85
-84
-82
-83
-76
-64
-52
-16
52
117
156
187
197
112
-79
-249
-335
-353
-343
-298
-228
-178
-136
-121
-110
-107
-105
-103
-99
-96
-98
-91
-91
-94
-91
-94
-96
-100
-101
-104
-100
-99
-97
-99
-98
-99
-101
-103
-108
-112
-110
-114
-114
-113
-113
-117
-125
-123
-130
-141
-145
-147
-152
-157
-161
-163
-168
-176
-178
-185
-193
-195
-200
-203
-209
-216
-211
-214
-215
-210
-209
-215
-210
-200
-191
-182
-172
-157
-144
-130
-120
-107
-102
-91
-85
-76
-67
-60
-37
-24
-24
-23
-23
-26
-27
-25
-25
-26
-22
-20
-14
-15
-18
-20
-20
-24
-26
-23
-22
-22
-19
-17
-16
-16
-17
-20
-25
-25
-22
-25
-26
-24
-23
-23
-19
-22
-24
-27
-28
-28
-33
-34
-28
-23
-24
-22
-24
-26
-30
-27
-27
-29
-32
-26
-25
-26
-24
-22
-24
-27
-26
-25
-26
-26
-28
-20
-23
-20
-20
-20
-20
-25
-24
-25
-25
-23
-20
-14
-14
-13
-17
-14
-15
-14
-7
-3
2
5
9
10
15
12
15
3
4
5
3
-5
-7
-7
-11
-14
-17
-20
-26
-28
-29
-26
-30
-30
-25
-3
6
46
116
179
212
245
258
172
-21
-187
-267
-278
-259
-216
-168
-126
-92
-73
-63
-57
-53
-51
-43
-47
-45
-48
-48
-48
-47
-47
-54
-49
-52
-50
-50
-54
-50
-60
-58
-59
-59
-59
-62
-61
-59
-60
-67
-68
-70
-72
-79
-84
-86
-94
-96
-98
-100
-106
-111
-121
-125
-134
-133
-141
-148
-146
-149
-153
-159
-162
-171
-168
-175
-176
-179
-178
-169
-158
-152
-140
-128
-116
-109
-99
-90
-75
-62
-50
-42
-28
-26
-20
-20
-18
-15
-15
-11
-8
-10
-11
-8
-9
-8
-6
-6
-10
-11
-17
-15
-10
-16
-9
-14
-9
-7
-6
-11
-10
-11
-6
-13
-15
-17
-14
-16
-15
-18
-18
-21
-23
-27
-25
-27
-26
-22
-19
-16
-17
-21
-25
-29
-30
-26
-32
-30
-26
-30
-27
-23
-26
-31
-33
-35
-31
-34
-31
-29
-23
-20
-22
-25
-27
-35
-30
-33
-31
-28
-28
-23
-26
-27
-27
-26
-30
-30
-31
-30
-24
-24
-12
-2
3
-1
1
-1
-3
-2
-8
-9
-6
0
-6
-14
-15
-20
-29
-33
-35
-41
-46
-43
-44
-39
-36
-38
-32
-17
-9
23
80
155
203
243
269
190
3
-171
-281
-317
-305
-281
-231
-179
-139
-104
-84
-72
-68
-73
-80
-84
-82
-88
-93
-94
-90
-87
-93
-95
-94
-100
-104
-104
-102
-103
-105
-104
-98
-100
-103
-102
-109
-114
-115
-120
-124
-125
-127
-128
-128
-131
-138
-144
-149
-155
-160
-168
-168
-176
-178
-184
-184
-189
-196
-204
-213
-211
-211
-217
-218
-216
-212
-210
-206
-207
-198
-196
-185
-177
-162
-149
-137
-127
-119
-116
-108
-100
-94
-93
-89
-84
-83
-79
-74
-72
-80
-80
-80
-83
-81
-75
-80
-82
-82
-81
-74
-73
-76
-76
-83
-85
-85
-86
-88
-89
-81
-80
-80
-80
-85
-89
-94
-97
-99
-100
-95
-84
-90
-93
-95
-94
-98
-101
-100
-102
-96
-96
-92
-93
-85
-90
-100
-102
-104
-106
-102
-99
-98
-101
-103
-95
-87
-89
-94
-106
-102
-101
-102
-105
-106
-102
-99
-99
-97
-100
-103
-107
-102
-101
-96
-94
-90
-90
-84
-77
-74
-74
-72
-74
-76
-74
-67
-69
-67
-62
-71
-76
-85
-90
-88
-88
-98
-98
-99
-99
-106
-106
-101
-99
-95
-79
-69
-37
21
97
146
184
194
114
-70
-234
-331
-357
-342
-314
-267
-210
-172
-143
-136
-123
-122
-120
-120
-122
-115
-112
-111
-110
-106
-112
-112
-114
-116
-117
-122
-116
-117
-116
-115
-114
-113
-116
-123
-130
-127
-126
-125
-120
-127
-134
-138
-140
-155
-154
-157
-160
-167
-176
-178
-182
-185
-191
-192
-200
-210
-212
-216
-226
-225
-224
-222
-224
-229
-231
-233
-229
-222
-214
-205
-196
-188
-178
-163
-151
-140
-128
-127
-125
-117
-109
-106
-103
-92
-90
-88
-88
-93
-98
-95
-96
-97
-97
-88
-84
-83
-80
-81
-84
-87
-87
-86
-90
-91
-88
-83
-84
-84
-82
-85
-86
-90
-95
-87
-90
-92
-87
-89
-92
-90
-91
-93
-95
-95
-98
-95
-92
-87
-85
-85
-90
-88
-93
-96
-94
-92
-90
-93
-85
-87
-88
-89
-89
-90
-92
-92
-92
-90
-92
-90
-87
-86
-91
-92
-91
-92
-93
-94
-92
-92
-90
-90
-89
-88
-87
-89
-88
-80
-80
-75
-69
-61
-61
-58
-57
-56
-56
-64
-66
-65
-64
-68
-73
-71
-72
-78
-82
-90
-96
-96
-98
-96
-93
-94
-89
-71
-60
-44
2
66
118
143
169
153
18
-168
-294
-352
-360
-330
-280
-219
-176
-139
-125
-116
-108
-99
-95
-96
-94
-95
-90
-95
-93
-95
-96
-92
-95
-94
-93
-94
-96
-99
-101
-101
-104
-103
-106
-107
-104
-107
-108
-112
-111
-121
-122
-122
-125
-131
-134
-136
-139
-141
-150
-156
-164
-171
-171
-178
-180
-184
-184
-190
-190
-196
-201
-206
-214
-219
-215
-216
-214
-204
-193
-192
-182
-172
-163
-155
-143
-132
-120
-109
-93
-84
-76
-70
-66
-64
-64
-59
-60
-58
-54
-53
-51
-49
-48
-46
-49
-55
-49
-51
-50
-53
-50
-48
-47
-43
-42
-48
-52
-48
-53
-50
-50
-56
-54
-50
-50
-53
-55
-53
-55
-56
-58
-59
-60
-55
-57
-58
-57
-55
-58
-65
-68
-64
-63
-67
-65
-60
-62
-64
-56
-62
-68
-64
-64
-68
-66
-64
-62
-60
-60
-57
-59
-62
-65
-64
-68
-70
-63
-66
-62
-58
-59
-58
-58
-64
-64
-65
-69
-64
-60
-58
-50
-42
-35
-30
-31
-34
-36
-32
-30
-33
-33
-29
-29
-35
-36
-45
-54
-58
-66
-71
-72
-73
-72
-71
-67
-66
-68
-63
-45
-27
16
84
150
184
213
210
108
-92
-245
-316
-325
-316
-251
-188
-139
-103
-79
-72
-65
-70
-69
-71
-69
-69
-70
-68
-64
-63
-63
-64
-67
-63
-71
-70
-71
-71
-70
-68
-68
-68
-64
-69
-72
-78
-77
-81
-81
-84
-87
-85
-88
-91
-95
-103
-104
-108
-121
-117
-125
-127
-128
-128
-136
-142
-152
-151
-161
-160
-169
-168
-170
-169
-168
-167
-165
-160
-159
-156
-147
-130
-117
-105
-93
-77
-62
-50
-42
-30
-27
-16
-16
-9
-5
-1
0
5
5
6
8
9
4
6
5
3
4
10
12
13
10
12
9
5
7
1
7
4
5
7
11
9
1
1
3
1
0
-1
-1
1
6
7
7
6
0
-1
0
-4
0
-3
-2
3
7
1
2
3
-1
0
-2
4
-2
0
4
7
7
8
4
0
4
2
5
3
0
4
10
9
11
8
6
1
4
2
0
5
8
8
13
16
20
23
24
29
30
33
37
40
48
43
36
42
39
31
25
23
22
15
14
8
4
5
3
0
0
2
0
13
30
43
91
161
224
258
287
292
192
-5
-163
-241
-256
-229
-179
-123
-80
-44
-23
-13
-7
-8
-3
-2
2
6
5
10
12
12
8
3
1
3
4
2
7
5
8
9
9
7
4
1
2
-1
-1
2
0
-5
-6
-10
-15
-20
-24
-29
-33
-39
-37
-42
-42
-52
-55
-63
-69
-70
-76
-81
-88
-93
-89
-92
-92
-95
-94
-95
-91
-91
-82
-73
-61
-48
-31
-22
-7
2
11
20
34
41
49
59
68
74
73
77
75
75
79
76
79
78
79
85
86
87
84
84
85
83
78
80
81
83
82
89
87
90
89
88
84
80
79
79
79
87
88
88
85
87
85
79
75
81
76
76
75
83
84
88
81
81
81
76
71
75
73
80
78
79
84
80
79
82
79
82
78
77
81
84
85
85
81
81
83
81
74
71
76
74
81
80
81
81
80
82
82
89
91
95
101
101
107
111
112
118
110
105
107
106
101
96
90
88
81
76
73
74
73
67
70
66
71
67
76
89
105
142
203
265
299
333
347
253
60
-102
-191
-199
-177
-140
-82
-22
11
25
39
47
51
52
55
57
56
56
50
49
43
47
45
46
41
51
52
56
51
49
45
42
38
32
34
34
34
33
31
30
28
25
20
14
3
1
1
-5
-4
-11
-15
-25
-30
