511.0001955349402
509.72260427879723
507.66414687116566
505.531599053267
504.46053466457835
504.26653971340124
503.90666506348026
503.2516479666373
503.25006134437575
504.3195550720993
505.5617023421621
505.9505737817598
505.5902132973186
505.31434861368297
505.5879396474198
506.261119282722
506.946642619405
507.2783230204081
507.1810017612933
507.042211966135
507.23155483335364
507.50990945655064
507.37782339021044
506.8289545414699
506.2160596683992
505.5618461862016
504.59859334418417
503.40395396370224
502.4220894967848
501.8016861296848
501.21305532317893
500.4568932317108
499.7863632906091
499.4221786888016
499.18547594130774
498.84805814996946
498.4881191117542
498.32292305982946
498.4549820485267
498.82779714392666
499.2388850324698
499.4776529340907
499.57179112472073
499.7249418963995
499.9635461219953
500.09014027213715
500.0221278717255
499.93262587902115
499.98420544943065
500.0852080696774
500.0145261814421
499.73771631942947
499.48099143047244
499.44316340747804
499.5391388204347
499.52537063403474
499.298204990829
498.98832952140276
498.83852538548746
499.0028626351216
499.3478925072743
499.5051152857429
499.2939404696877
498.9839439193485
498.920057669757
499.0418216797165
499.0322505475349
498.7888816028972
498.4942518076195
498.3585713887789
498.48210945081826
498.801951276618
499.05011551570885
499.0046317981802
498.87775986436156
499.1678879476713
500.0882975414457
501.5228308428482
503.5774448850805
506.6883735678706
511.0105840612699
516.0575179174191
521.0984391987138
525.651018508718
529.5152791625426
532.6177290352264
534.9438835806857
536.4095264926748
536.7439083191975
535.7274215461234
533.5583360118682
530.7542175996352
527.696020025283
524.4448819315995
520.9858291520716
517.5258233693002
514.4566749914205
511.96189653850337
509.83335840685453
507.90429550089016
506.4140902627519
505.59457788483667
505.20885123684343
504.9401921940656
504.9031055572421
505.27420851029507
505.75547822267816
505.97986881763353
506.1896337188079
506.89640553188804
508.0082414551656
508.8919346913954
509.2899726651577
509.632309300541
510.2851893734563
510.9081838566558
510.8925684617982
510.2528180847516
509.63617508370476
509.3588974988812
508.9060357988938
507.74873063998507
506.24653492105017
505.15024793236563
504.4813375114587
503.623284912975
502.41848585989095
501.4149184798647
500.9517535858873
500.6985390967978
500.30857836692843
499.9486662304313
499.8954594689305
500.0353743828703
500.06775873767725
499.9536815040743
499.92964587223287
500.1943467927635
500.7177338325255
501.3065544566198
501.77542376048933
502.04320385439325
502.1015202978181
501.97193305303375
501.7365947372204
501.5301765885809
501.43801182605523
501.456096589208
501.53722911112027
501.5812239070895
501.46523813220574
501.22337252697514
501.0527876542308
500.99013407981374
500.7908138520672
500.2994601714548
499.7225774996749
499.3846587654041
499.3932271368785
499.6095715553996
499.7863126358148
499.72080984901055
499.3922434969379
498.9589241442568
498.62293576810396
498.50541975864917
498.54447124232314
498.521685425182
498.3783783624418
498.4228154312727
498.97072131584713
500.0015660817919
501.516087193558
503.8730833522051
507.2903178428116
511.36891609124945
515.5740385502833
519.7979227594489
524.0170621340005
527.7919008939928
530.5619839881314
532.1818705837002
532.8118717088994
532.4864367227498
531.1428340617756
528.959500015546
526.3006324923742
523.3156411323956
519.9037223818184
516.1583250511101
512.5780647379382
509.6486345469379
507.372347987635
505.42761128860343
503.6915032250972
502.3554087076211
501.58955785068787
501.3744010145837
501.6571898848424
502.4101968554781
503.47710255495775
504.56506646987435
505.5036559952267
506.4133421841147
507.5067890819597
508.7765305881981
509.9881278049565
510.90986274635367
511.4149747588928
511.48294339658474
511.2596145793809
510.92044788120745
510.34384651899876
509.25198912043544
507.785236877513
506.46089795895597
505.45073797069233
504.467824700627
503.45917732498094
502.7353046743015
502.2665623339406
501.55983243842184
500.4864859722352
499.60900239230784
499.37894632184873
499.5227848123238
499.54867113161635
499.4417031127998
499.4914409327499
499.7359117391109
499.96343927862455
500.09318799297114
500.22455446939415
500.40713294580786
500.5963868754435
500.76288127583246
500.9116077016872
501.061820997779
501.2478430115612
501.46280626818304
501.60218031982475
501.53396607996183
501.252754206604
500.9563400707185
500.9001207845454
501.0766628989062
501.1192945234226
500.7350859018182
500.17338142402406
499.95772589843733
500.18935561122214
500.49314816237364
500.6068388192445
500.55798257083137
500.30165949589144
499.74246699547507
499.1433087534713
498.96025155837555
499.20760675865745
499.47300336503565
499.5706794657724
499.7108755159235
500.09035336835296
500.83194971986893
502.267498615482
504.7675031454754
508.2869649092873
512.4249688092453
516.8302985829819
521.2546063876268
525.3865738860933
528.9576126697438
531.8869323195659
534.0626081413255
535.1196105298674
534.7465710844019
533.1749548889549
531.055565199028
528.7795567634939
526.1828255845321
523.0507807290375
519.6489833676965
516.4782372978484
513.683752710369
511.10553067650113
508.85364076738955
507.33888815497335
506.6289474044582
506.2422715386483
505.78096627896474
505.3915493351977
505.3898718281524
505.74854979533825
506.21390742492537
506.7269922149081
507.42970469100896
508.2982188651929
509.0712682932539
509.6506669965208
510.28273321308916
511.08015702976235
511.61798600800745
511.41825911246326
510.69649610303287
510.1524898099324
510.0304721495155
509.8427157791306
509.11784320693295
508.0069123767486
506.94150080903154
506.01959645721456
505.0369122768673
503.94791304766323
502.9633232317958
502.22355917961335
501.6622967041355
501.2276513627335
500.9854496848691
500.94238114423484
500.98431241973185
501.0295008183718
501.05292084504487
500.98076891385017
500.76395351827716
500.5159258636296
500.40607394927133
500.4823089527492
500.70664330653574
501.0261182479943
501.3159983066983
501.4477185150691
501.5092661559867
501.7250212788781
502.0503987094695
502.1198619640048
501.751231666916
501.234819905009
500.94572666807096
500.9237741240677
501.00467847203004
501.08152680438116
501.0435341313191
500.74665216561584
500.26420627604006
499.92613437941947
499.92369320160105
500.06537462213635
500.04356930119286
499.78247583508784
499.4657914427057
499.3506251499386
499.538404632579
499.82996333383664
499.93121266565885
499.9233399611094
500.3436162075711
501.6836759654015
504.01914907635205
507.16975611165515
510.9095374977507
514.9547837116239
519.0395898642209
523.0569218001102
526.8837977114972
530.0805731285986
532.071045170382
532.7105039704337
532.4216003899768
531.6217794046503
530.2323227815397
527.9517509696269
524.8264302192216
521.3026408465018
517.8594701682713
514.8105906161222
512.2607882412864
510.0212639029354
507.83227244899734
505.8494106153651
504.49154096054923
503.6829757174975
502.90064885696364
502.14909990775953
502.0830163329421
502.9037638655148
503.9695339343039
504.80530475156434
505.7145863480568
507.0631135186479
508.61575186696234
509.90058169798397
510.76332886894244
511.33214269727097
511.7463105872426
512.0503831911102
512.1484877570666
511.8315161007808
511.0307853932411
510.0216679860412
509.1737419917864
508.50323371424065
507.6723734559209
506.47836533087747
505.1540952452185
504.048077313766
503.1819805159735
502.3920076155033
501.75645664628576
501.457369603081
501.2868818242682
500.82046669240856
500.14222646153706
499.86259218449277
500.217594310508
500.63315212077526
500.54702221085705
500.29907145723774
500.65547773798795
501.6063914060425
502.312576500224
502.313933646132
502.07693586201333
502.11275622381
502.25599026605846
502.16427172142323
501.9181640054791
501.73343228456736
501.5633369101448
501.3741572222573
501.42479693088006
501.8292290384086
502.1225658854842
501.8012809853503
501.1493896645624
500.9221368902745
501.2512195416178
501.518618483677
501.347867246689
501.03360596194506
500.8809908991555
500.7740089722343
500.57142775859927
500.40544299483355
500.4299800623568
500.6759470841566
501.304818035698
502.72301168268064
505.2416769264541
508.68704183123396
512.5128104681968
516.3768698788654
520.4372116858964
524.8510334483109
529.1583273851586
532.5458168368333
534.6156864338338
535.5063391817243
535.4123650061923
534.4290109521089
532.7176686108738
530.3906142229781
527.3780913638049
523.7772243761746
520.1231380305202
516.9301914166699
514.1775583713394
511.6291341369377
509.39366300336314
507.7019697301838
506.4135893572738
505.3161151457272
504.6509569082083
504.70926710846834
505.1689019090757
505.5000873556206
505.7670611131409
506.38856028958435
507.3972899117581
508.5128381663115
509.60402068650063
510.58183304558133
511.2284695367889
511.5434337544955
511.84115837753296
512.2111730449499
512.3225703490328
511.94917764846724
511.25267298497465
510.4475919681376
509.5658434485638
508.5785729279112
507.46979533262925
506.23689725350454
505.0139176655781
504.07241268088745
503.4894689711347
502.9403151146105
502.12342169797085
501.3180162965424
501.0600739863096
501.24807986097755
501.2104672161355
500.79942778839927
500.65538961412176
501.1190608523538
501.6420398747321
501.6481599100918
501.3638773077813
501.3861256675527
501.82477946411507
502.25628049247416
502.33167452264206
502.10808932286125
501.8450946380344
501.7305445585769
501.7993516412577
501.9468489143983
502.0299100033386
502.02258308697185
502.00122116597237
501.99127852044376
501.97589108551006
501.99886039874895
502.06288505954836
502.0113308847856
501.74738677004973
501.4737103734415
501.4431166709159
501.55911866563645
501.515459237194
501.2589328554852
501.01342542979745
500.91345418120864
500.93903910567366
501.18127987877887
501.8603321222408
503.08179481203234
504.8432160291902
507.2890332028744
510.70219384620924
515.124261836537
520.0904958381109
524.868428236806
528.9553029257634
532.2410896921855
534.7145595146645
536.2469932407871
536.7474254423928
536.2637623798241
534.7796078937041
532.2008615291954
528.7674260665195
525.1790834753048
521.9754147576485
518.9955926098801
515.7972044072518
512.4434928983517
509.50197252528034
507.35622837570924
505.8929463206346
504.8654274073469
504.21223720353566
503.92259427213764
503.9003208323915
504.1500118353243
504.87170339545224
506.160959894641
507.76576800937937
509.3025486809228
510.57583606482837
511.58710140321546
512.426303892698
513.2502598284995
514.1288574349765
514.8141523036296
514.9145489295303
514.3706743435733
513.4992993801383
512.5456540667674
511.4888757017442
510.29644657047936
509.0414763343664
507.72302945589
506.283847602051
504.88653389397354
503.87184438922054
503.2951291798526
502.7677939595683
501.9830842328785
501.1915605024367
500.8594701873197
500.98390442773456
501.0982420019799
500.95984968822853
500.8852434810531
501.2317373198451
501.80193114790376
502.08335556342365
501.98498001453277
501.9439687184367
502.2325167592818
502.5569287454505
502.5654405912299
502.41368939639665
502.4833617420521
502.7741583115337
502.98174035291277
503.0294192941308
503.06756014393665
503.03594012931296
502.7291273661943
502.2656038787297
501.9915783948169
501.927559100032
501.78341641990687
501.52781138893585
501.5290282052951
502.09851413402157
503.21581766687456
504.79143340173795
506.98902862405805
510.0956251264965
514.1078747384078
518.6510059507979
523.3295504342849
527.8870993151313
531.9602041233318
535.0566045789624
536.9806414724897
537.9528819968169
538.0823181205965
537.0601170468798
534.6846388695964
531.3768766510151
527.7943998802461
524.186410432693
520.4908725657359
516.7952279217989
513.3381434297187
510.30301286591254
507.8652463699153
506.14554040755996
504.95006689916306
503.9052245351403
502.95715148193915
502.41100433612615
502.4842543748291
503.1454104376209
504.2821208393645
505.6917154506976
507.03862081984255
508.105782391756
508.990522788275
509.92246357783057
511.0005543313462
512.100366157445
512.9012406943685
513.1061912853888
512.7791281942044
512.2928672106283
511.81131816106165
511.0749240190464
509.85062477985923
508.2953713186692
506.7005709893106
505.19748468246377
503.8941715632406
502.94915436299834
502.29854928989965
501.65497915722966
500.96783608474516
500.5174641330443
500.39120213158213
500.28970410904276
500.03901962094784
499.8732716205553
500.00131491620357
500.2673246652222
500.4504469340555
500.5779985678738
500.7447030595072
500.91226192786775
501.06149400450556
501.2660434930786
501.4830335443164
501.5494580961228
501.47759041236094
501.4882246093515
501.69814116439045
501.9863461578424
502.1520529912389
502.0518762547328
501.6861733898318
501.2623899629633
501.0149276629549
500.9182070391237
500.7781052399854
500.56801393250856
500.4105108681695
500.2844531903238
500.06156178461066
499.8426780594462
499.9361108422236
500.35194705171216
500.59806590456225
500.2801561649674
499.6969411720027
499.4499197913602
499.6479357534138
499.9613524096524
500.2890087647061
500.8611520985618
501.8360805294104
503.32014636886515
505.67236969038305
509.2578736850388
513.8952585914487
518.9590399553334
524.0314876226158
529.0711764058846
533.9168439440274
538.0324508426917
540.889667555264
542.3347182036023
542.4841429001787
541.5138449209943
539.6515145302994
537.1293141340635
533.9852903701444
530.1125612548716
525.6944755230227
521.3693110114453
517.6608180823359
514.4443040356933
511.36952919083365
508.60140412662173
506.6079042543393
505.36705646854534
504.41939881648585
503.6749937964996
503.53647423760526
504.14245882398427
505.0613367280398
505.9271913687942
506.9101713264478
508.2640554990398
509.7711923896146
511.03159583077814
512.0483852278464
513.0486134682284
513.8796575868914
514.1272900161965
513.7906385971996
513.2960833297353
512.8065194104976
512.0363070365617
510.8404461806237
509.5134652988939
508.3582571313436
507.30966774841573
506.1383430463699
504.83790111279154
503.6708948297441
502.830282034972
502.16976482335383
501.44966462837874
500.76035874266154
500.40134676701075
500.41068793812485
500.5339344894452
500.57248277210414
500.5028089004093
500.4031400802987
500.4521211111045
500.78517689265743
501.2393355387546
501.5059327015009
501.5723569407424
501.6997107888629
501.9620147939174
502.1300612316027
502.0250282115259
501.7350121028485
501.4791078873384
501.4146204205895
501.52329281424346
501.5939076512274
501.46598596057356
501.3466493853465
501.56499760625223
501.912841600172
501.75226615520535
501.01237069639643
500.42949926512324
500.43866267301956
500.5440293867506
500.25515915735326
499.9458155216197
500.26158983041944
501.2967333577042
502.88928871934735
505.237061746339
508.68558636398336
513.1436066064339
518.0764905870224
522.9806550262537
527.617461291757
531.7955785878296
535.184909805327
537.4992892948205
538.655415540938
538.5821825069105
537.1771577593183
534.67380268642
531.6429304711379
528.3271340462825
524.4102487356188
519.8031440227
515.227029417896
511.53844637287904
508.73975258611637
506.178724859343
503.62852487681363
501.58361501294746
500.3809528810329
499.667214252927
499.1069973769553
499.0670637452798
500.0377903894532
501.73305564168777
503.3711565043771
504.6920855319378
506.13778105786895
508.0245407052409
510.03054404132666
511.63825260565835
512.6848370433701
513.2846833448926
513.548124462221
513.5691733876502
513.371011515704
512.712543221074
511.31819630964736
509.43709796279416
507.73331594385013
506.4589614346872
505.2279362167442
503.7869371997118
502.43967555141325
501.4386956655808
500.5269964265224
499.471289001608
498.6024134699173
498.3636799619429
498.57179445881997
498.5918052096254
498.2056958035431
497.8970664390342
498.14601990805636
498.7808444999591
499.28907605376156
499.5230110534168
499.75366093292524
500.1561080726913
500.58306626498415
500.83536667971885
500.9216190567606
501.01387213358936
501.23698271639245
501.51079867781607
501.61727752185556
501.4686990694129
501.2287317023773
501.07001415120607
500.94183685941834
500.7380332979563
500.5357757814392
500.4585843346291
500.4666083589872
500.48125148265245
500.53808655616393
500.69344708564455
501.03551225375486
501.86496769970296
503.55824601046834
506.1999969968273
509.6110436717705
513.6719964243019
518.3412472359347
523.4420784572683
528.6328645546159
533.4795962342552
537.4955344058955
540.3132874408852
541.8679622012093
542.2393989096182
541.3536052017322
539.0948709266273
535.7456602612966
532.0091526431529
528.3549352207156
524.5575112277945
520.2618147480165
515.8539368075208
512.2215963953936
509.6403465157792
507.50845883730915
505.36659732593404
503.57455714900095
502.6284378954692
502.36734925748505
502.37362858129006
502.70827026711584
503.63896037970727
504.9511729261693
506.12336860094223
507.01242232085065
507.9269469860081
509.1406884283324
510.5650044419524
511.76834076297365
512.3050492707703
512.2267278121602
512.078063182832
512.076446730899
511.6642904216918
510.3655656268787
508.67096203083645
507.4085021323093
506.54573710446874
505.36564880805656
503.7112643831012
502.30247577861127
501.66678943523686
501.3572710132118
500.60750683150144
499.42277047301553
498.5478375240387
498.4375114568862
498.74792310039544
498.9676096182859
499.0712318359631
499.2514752316941
499.4396432169427
499.52154070029513
499.7010294011396
500.1984934046491
500.8037325944113
501.10838688261396
501.04324179776694
500.9086374211495
500.97462380015776
501.24289585821214
501.5239843406244
501.61647360116217
501.4676133782587
501.224703065034
501.0608065530121
500.9518410180901
500.76014220086824
500.51696164667095
500.41594827325775
500.49939863513345
500.5655570324493
500.484403536994
500.42173594658107
500.546300795333
500.6272566661528
500.27783247160806
499.6424814202453
499.3816609120516
499.7567025789921
500.2443490931766
500.4421612673503
500.8446788522777
502.204568194722
504.57638241652234
507.5865098871158
511.25877114971144
515.8732730277868
521.2082946463411
526.5658951483377
531.4587484284249
535.7450331485859
539.2097619296551
541.5393798498295
542.6333499033942
542.5380347983225
541.2220750957686
538.7454202034977
535.4281286192961
531.5742987889508
527.2831818830449
522.7380169271928
518.3777027114415
514.5733858357102
511.3677167488303
508.6533976216079
506.3938197043945
504.60845881138147
503.33720739038637
502.6338643220063
502.4523075761017
502.6290360878317
503.10928336621186
503.991532313501
505.227657133124
506.61062980279644
508.1696871408226
510.08607411003095
512.0907797892069
513.5651311382725
514.3734345104601
514.9139813229042
515.2711178895499
515.0729204116583
514.2458225251537
513.1855424656699
512.1558662626684
511.1084166216675
510.00651086237986
508.81703801747466
507.33565701320043
505.4845226215365
503.65396837328535
502.3404809088783
501.5226244193566
500.7614833354259
499.88949060961596
499.23028952158995
499.09195055406605
499.390657300061
499.8542296762563
500.279122141696
500.5193365877136
500.5245435254154
500.47275169629853
500.6556276926745
501.17402734852357
501.8347129851969
502.3331813576072
502.51588615411777
502.50120539369846
502.5068343917768
502.5518678312818
502.4757828393494
502.25599276291643
502.0576033540962
501.9327886710876
501.7603641458249
501.5329871286781
501.41273945251254
501.46783055773636
501.67398327642803
502.2569225067631
503.7124419531834
506.30909920340014
509.8279987432468
513.998702629116
518.8851027281055
524.4990593028332
530.3045874528503
535.5101758718214
539.646136416994
542.5639865670162
544.1947564542529
544.5937628638512
543.8835317538546
541.9779671222482
538.7368421288245
534.4442912344275
529.7398365814961
525.1021493001925
520.696555461666
516.5464572870836
512.6178240997774
508.99875375203806
506.074948610708
504.1361879073426
502.87899562730087
501.83686540166406
501.1562480711028
501.32290031895576
502.29684905763105
503.5511412340027
504.8006990268493
506.148170478763
507.67309508099197
509.31041339458966
511.00972190447385
512.7088664504679
514.19873655737
515.1874642860641
515.5368854971208
515.373878786452
514.8828716372087
514.0515551058145
512.8022547726496
511.28601589593234
509.7581885727536
508.24875408137814
506.6853931900822
505.21593574549047
504.02265622763883
502.953041103824
501.74629264627913
500.50793767954286
499.5915148830668
499.13426340443397
498.9984738058802
499.0075047155114
499.0174847324238
498.9540280071476
498.9461576731183
499.2141316815147
499.73101639089293
500.2517752008886
500.7181684084786
501.2816192367604
501.852352966138
502.0532940480452
501.7916825135643
501.4722494745245
501.4296217819346
501.5193627053625
501.5013757974031
501.48205402603935
501.68692319150364
502.02218205675877
502.15521475068283
501.96558531202555
501.69142894102356
501.5670327291304
501.48961951907364
501.24795906156817
500.9619520984233
500.9376261856964
501.09955003197183
501.0278953264349
500.6665510029101
500.48776007645677
500.7354422389082
501.00357187412163
500.86123033003423
500.4904441235862
500.46603942804273
501.232825604159
502.9087549818876
505.34330168530084
508.420004879008
512.4349064548928
517.8107783017073
524.2376365664909
530.6304528117028
536.204976132081
541.0167982637525
545.1966423265953
548.3117386802492
549.8128016209309
549.6073721910716
547.941967189687
545.0756783739271
541.2137481222462
536.5736477584143
531.4861543478605
526.4167633577337
521.7106372102191
517.3703747251823
513.3329687759228
509.8477789000667
507.26406765529606
505.563975799153
504.42746297729906
503.66650314701224
503.34545103443554
503.5795497206662
504.39979016637545
505.70497149473937
507.239730156515
508.7540590678401
510.22931370717293
511.7780303157919
513.3178679180692
514.5668042059201
515.3764041309546
515.8376628009354
516.0288129946881
515.8792544616871
515.3360756851193
514.5011565063219
513.540101135361
512.5201421428287
511.34401271807235
509.8368309755065
507.9881926214852
506.14667547213327
504.8040165480826
504.0358180880265
503.3519384761724
502.37388153705604
501.4248409544962
501.00385792137
500.93937270610945
500.7227577780818
500.4610599008032
500.6744096190953
501.26468456796397
501.5771155185429
501.4975587204901
501.62775676436144
502.24198396619266
502.84777933128737
503.02086033459415
503.01359391539984
503.2087096171878
503.49880800916935
503.5843068503915
503.49794896051736
503.46391481543037
503.50479528387524
503.5076788428346
503.4899945832823
503.5258064156243
503.5269101804751
503.31087389511606
502.8261090864999
502.2021010279856
501.66416108142874
501.4299141616157
501.514607628192
501.5932832166057
501.2863881904297
500.7009674890062
500.49269992425167
501.23677582661975
502.91235709046316
505.24314449939106
508.38376515183796
512.8028411071738
518.4095913859841
524.3095824155197
529.6825760760971
534.4345234193964
538.6818996468063
542.0682763643889
543.9850069387218
544.1598545713764
542.7603293875277
540.1792051391384
536.8725978119535
533.1327141572933
528.8991486282226
524.0437693249156
518.9095321118895
514.2633918308769
510.5565269711512
507.4972200409758
504.63482860830356
502.18076317478864
500.78243379948105
500.4675030968906
500.4534841202709
500.335260337266
500.7745645136209
502.38206082892793
504.55479852820673
506.2995707613578
507.6945899033539
509.4860452593535
511.58408542239545
513.1194455648309
513.8726999188041
514.5060101706554
515.278437092474
515.5331525840576
514.7284922598197
513.223058615463
511.6984088670268
510.31009211539117
508.7947851301054
507.14243104813863
505.6963033232457
504.5711470797644
503.44233149790324
502.16771391284374
501.1832004954775
500.85617046551556
500.82828827148967
500.54195365600793
500.1100522970101
500.0306770296395
500.2517002622403
500.2502210131255
499.99910536933965
500.09045955308926
500.7428347903582
501.3826682511949
501.5185902693101
501.4519590803603
501.71309004530366
502.23925019086454
502.5750999824674
502.5815358452842
502.49054402320786
502.43826362167954
502.326016444708
502.08087228411364
501.82187437127595
501.74200344141644
501.8584493404673
501.9376907052413
501.78635446124406
501.5336107209073
501.42711732284937
501.4748979444052
501.5221646286835
501.52567930277746
501.52038902655994
501.4643789055886
501.30143757777313
501.0671398893262
500.8515162230624
500.74305250584615
500.8012787709717
501.05005070711013
501.604197874338
502.8111150052118
505.10951717365083
508.7018619463503
513.3965347883196
518.7217285961469
524.2043671943799
529.5902791004571
534.7193135947077
539.2171590944445
542.5760576894319
544.5968177061371
545.467623956658
545.3087322655025
543.8999266608971
541.019798653889
536.9086778021597
532.2373559724851
527.6514112474613
523.4180149448988
519.4661312866034
515.6962519398018
512.2655424223491
509.5395747674556
507.67692495715767
506.39089625720806
505.3529158465246
504.6718541941661
504.6316950824308
505.12583820035496
505.77654489005147
506.4785581416453
507.39494430980346
508.5301441563008
509.7217651867915
510.9431545862904
512.1801492802713
513.119534807704
513.473325919339
513.5325265236763
513.7944718153784
514.0766489736127
513.6939583426409
512.5607835320103
511.37671093171906
510.5444604070972
509.6277937320556
508.22103205383826
506.6929853142938
505.532472047397
504.5063256390883
503.18535493674705
501.9057351946741
501.3630293670892
501.4570781916277
501.37915923699785
500.81019964837606
500.3017526725943
500.37778264837243
500.8464852324683
501.22787133941154
501.45583215497095
501.7950522116899
502.2563027443036
502.5373521353427
502.5396354214553
502.4981307357318
502.5202668604507
502.4656533958817
502.41242312723546
502.7106527917079
503.32358236386455
503.63506066385906
503.2761900474905
502.7141191635004
502.6148807035147
502.9575154055323
503.18699965655736
503.01455713703996
502.6790071751671
502.4992298835941
502.48799374529654
502.4871675969666
502.4781047056888
502.54030040268265
502.5624091729696
502.2878817199835
501.74753486997264
501.37116872667167
501.44303276600755
501.6521506162074
501.51557730245656
501.1258397516951
501.01301406868953
501.271672354887
501.4411602013293
501.4227644885566
501.847105476156
503.24422481680136
505.4932773039881
508.3836978544022
512.0813624816728
516.7148799692106
521.9835452732406
527.3991163687256
532.5765565993211
537.1905045208202
540.8910340232159
543.3429672294651
544.3225693619867
543.8470323801621
542.1921714957684
539.672528744535
536.4385424648219
532.5740565433957
528.2790941202738
523.8114269929908
519.3781695699493
515.2638996854461
511.8704790324985
509.3491802673384
507.3870714275794
505.67329803595106
504.34991835035066
503.6581658033405
503.4297146686047
503.37737978637455
503.649842541393
504.60043766193917
506.14693321794016
507.83059264442556
509.4472191592827
511.18639690421014
513.1066408496622
514.8348103876634
515.9387822326803
516.3865690169059
516.4713836021382
516.3749390356227
515.9344132239336
514.8515423013854
513.1084428519978
511.14968363856394
509.56705713164024
508.52822589524607
507.5960473933496
506.2754152078522
504.6817508100734
503.39711154798897
502.67832907069953
502.20925072208246
501.73091727469233
501.4331034389915
501.47114811785775
501.56187464222285
501.45127584319675
501.40655824023185
501.7654233391646
502.28774581019695
502.50413588316286
502.49641669190544
502.7264121709478
503.2204827165779
503.55013372798413
503.58159085014677
503.65568663595843
503.95814131840325
504.18716232494836
504.0251278381355
503.64642084935804
503.4814723557143
503.57288694930077
503.5262196323279
503.17302964418565
502.8371343145325
502.7373362222588
502.6327628165981
502.35187379018345
502.183833425954
502.4855303156466
503.35627172525795
504.87217028417024
507.222223966056
510.4935993864329
514.6219500485173
519.5533917195826
525.1583334045768
530.9605950304264
536.229503713906
540.464828447316
543.5972442960476
545.6123681666282
546.2891447474832
545.5251804849989
543.5731260396997
540.702367249062
537.017008693535
532.8084903736338
528.5687848348911
524.4395638810311
520.1981596576053
515.953243250484
512.2787492191868
509.5106506576073
507.4215669120408
505.70046766370706
504.35200359644637
503.5534422132986
503.38202433472173
503.72499724687674
504.38860120717214
505.3384709293491
506.7277219386506
508.5189961834406
510.27832356099066
511.6102737057953
512.5849199506689
513.4703949502785
514.2868420139688
514.8696048786618
515.1100175013471
514.900484078479
514.0976017298312
512.7909984202967
511.42514921193066
510.39701637594703
509.6012872816801
508.594657264234
507.20702509991094
505.74303832355815
504.50041378090106
503.4152213691556
502.4052261562905
501.698621410373
501.46440567209794
501.43957318690053
501.29241046637037
501.0576604534745
500.92136769690313
500.9097350191294
501.01442812933817
501.28469274894167
501.6573147857726
502.00022312076237
502.3323668099891
502.7148294122887
503.02087365512244
503.09071640419586
502.9973032789405
502.94291221362096
502.99414868363795
503.05089564265944
503.0150315362046
502.9374065628911
502.9701069379896
503.10335393817417
503.0637968662902
502.6911598004837
502.2508446009161
502.0433240407936
501.93427000306934
501.6991999349217
501.5326335137446
501.6958202656204
501.9805870698763
502.05761326760614
502.01340368193854
502.0404520252101
501.9881986571653
501.7191591586775
501.5153593946576
501.6555325524631
501.96426104552916
502.2314917669703
502.7741087335722
504.207818886056
506.88396000889304
510.7722199172496
515.660194815388
521.2711742160662
527.2793317200188
533.256259713685
538.6482131265867
543.0200806350913
546.313080954122
548.5647468793916
549.4567471325456
548.5972457676285
546.2046687616204
542.9592907615522
539.1536435170162
534.5998085140185
529.4776700373301
524.5773348890679
520.4049141669909
516.6759895569629
513.0929580727814
510.04895768737896
508.0467137202429
506.8808739683416
505.9701487745041
505.1864894278002
504.84125147128617
505.1034384087581
505.8740309256707
507.00655061194277
508.31357448641813
509.60960473592274
510.94270923249763
512.4475384657363
513.9612334341634
515.2641630059711
516.536643722023
518.0029477561792
