-61
-53
-49
-47
-47
-31
-79
-161
-117
229
543
647
377
55
-51
-83
-89
-79
-79
-83
-77
-67
-71
-79
-71
-61
-65
-77
-79
-65
-63
-61
-57
-53
-55
-55
-51
-47
-47
-39
-29
-29
-31
-23
-11
-7
-15
-25
-21
-21
-25
-19
-9
-13
-17
-11
-5
-3
-13
-19
-15
-3
-7
-11
-3
1
-11
-21
3
17
19
49
61
49
37
27
11
-11
-37
-53
-53
-49
-45
-39
-65
-157
-115
189
539
669
459
121
-29
-93
-99
-101
-93
-87
-81
-81
-85
-89
-89
-85
-85
-81
-77
-63
-55
-59
-57
-51
-49
-53
-57
-55
-57
-53
-45
-33
-19
-17
-13
-15
-17
-25
-31
-31
-31
-31
-29
-29
-25
-21
-17
-19
-11
-11
-13
-17
-19
-19
-11
-13
-19
-3
-1
-1
25
49
47
31
19
5
-23
-47
-41
-41
-39
-47
-43
-31
-137
-167
29
451
633
565
177
-13
-75
-83
-83
-81
-77
-77
-77
-71
-67
-67
-71
-73
-71
-67
-61
-65
-65
-61
-55
-53
-53
-51
-45
-43
-43
-37
-31
-19
-3
-3
-15
-15
-23
-25
-21
-19
-11
-13
-9
-15
-19
-11
-3
-5
-5
-3
-3
-11
-11
-5
-11
-23
-3
11
7
25
45
37
31
19
1
-29
-39
-35
-37
-45
-45
-43
-27
-119
-171
43
467
639
581
209
3
-63
-77
-71
-71
-65
-63
-69
-63
-55
-59
-63
-51
-57
-49
-37
-51
-57
-49
-45
-47
-47
-47
-33
-37
-43
-27
-15
-5
-21
-9
-7
-11
9
3
-5
-13
-9
-11
-5
-3
5
9
15
15
17
9
15
3
5
5
9
1
3
29
37
25
49
61
55
29
17
-9
-31
-39
-35
-37
-31
-17
-27
-79
-165
-97
265
581
673
557
185
3
-61
-65
-59
-61
-69
-73
-79
-69
-51
-51
-67
-61
-53
-55
-61
-57
-57
-57
-49
-43
-37
-33
-35
-53
-59
-47
-39
-23
-7
1
-5
-17
-21
-27
-19
-7
-11
-19
-13
-3
1
1
3
-3
-1
-3
7
13
7
-11
-5
3
5
27
35
41
59
71
59
49
45
29
-23
-35
-31
-25
-21
-17
-5
-67
-161
-67
307
571
647
379
97
-17
-47
-67
-67
-53
-45
-45
-49
-51
-51
-57
-49
-51
-53
-55
-51
-49
-55
-55
-55
-55
-55
-51
-57
-61
-65
-59
-43
-27
-27
-33
-29
-33
-37
-37
-31
-23
-29
-31
-27
-25
-19
-9
-3
-3
1
5
9
13
9
5
3
1
-19
-9
19
25
31
59
61
55
47
31
5
-23
-35
-37
-31
-23
-31
-27
-87
-171
-85
245
565
675
487
143
-15
-67
-81
-85
-81
-77
-71
-65
-71
-79
-79
-81
-71
-69
-71
-67
-65
-57
-55
-59
-59
-61
-59
-55
-53
-47
-45
-33
-21
-15
-13
-15
-15
-19
-21
-25
-23
-17
-11
-15
-19
-17
-13
-13
-11
-7
-3
-3
-3
-13
-15
-19
-19
-23
-21
-23
-25
-17
-3
5
1
29
33
31
17
-5
-23
-53
-63
-57
-49
-39
-49
-45
-131
-171
11
413
623
509
181
-9
-75
-89
-87
-85
-81
-81
-75
-75
-71
-77
-73
-69
-71
-71
-65
-61
-55
-59
-59
-55
-53
-49
-49
-45
-45
-41
-31
-27
-15
-7
-1
-5
-9
-17
-19
-25
-27
-21
-17
-13
-11
-11
-5
-11
-13
-9
-7
-7
-9
-13
-11
-15
-19
-25
-23
-27
-27
-25
-19
-3
13
17
29
35
35
15
5
-3
-31
-47
-43
-31
-33
-33
-23
-91
-139
-29
321
581
609
281
53
-35
-63
-77
-67
-67
-69
-67
-59
-59
-57
-57
-61
-57
-53
-55
-51
-53
-47
-47
-43
-41
-41
-41
-35
-33
-41
-33
-17
-3
1
-1
-1
-3
-9
-19
-21
-15
-13
-13
-9
-5
-9
-5
-3
1
-5
-7
-9
-11
-11
-19
-15
-11
-15
-21
-21
-25
-27
-21
-7
7
7
21
27
31
3
1
-11
-33
-45
-41
-37
-33
-35
-23
-111
-129
45
433
633
567
175
1
-57
-67
-69
-75
-71
-65
-61
-53
-49
-51
-61
-67
-63
-57
-49
-43
-43
-41
-43
-37
-39
-33
-31
-27
-21
-19
-13
-7
-5
-3
-1
-1
-1
-5
-7
-11
-1
3
-3
-9
-17
-5
5
11
9
3
5
11
9
7
5
-3
-1
-3
-9
-11
-13
11
13
17
43
49
47
37
27
-1
-25
-41
-41
-49
-47
-47
-29
-89
-169
-53
325
595
691
371
57
-61
-103
-103
-85
-71
-69
-61
-75
-75
-77
-75
-73
-73
-75
-71
-73
-67
-65
-63
-69
-67
-53
-35
-25
-23
-17
-27
-27
-25
-23
-29
-33
-35
-37
-21
-27
-35
-29
-25
-21
-15
-13
-29
-29
-27
-25
-25
-21
-13
-27
-35
-31
-29
-29
-23
-7
9
1
19
49
53
49
43
27
5
-17
-39
-41
-35
-27
-27
-15
-113
-155
53
465
643
611
225
27
-63
-83
-89
-79
-81
-79
-79
-79
-79
-79
-79
-85
-79
-77
-73
-75
-73
-67
-73
-75
-83
-85
-81
-75
-63
-55
-45
-31
-19
-21
-15
-15
-19
-25
-19
-17
-21
-21
-17
-3
-1
-5
-5
1
-1
-7
-7
-7
-11
-13
-11
-9
-13
-21
-37
-21
9
23
17
21
41
37
29
19
11
-7
-33
-45
-41
-37
-41
-35
-35
-135
-157
39
467
647
531
153
-29
-91
-93
-93
-75
-61
-73
-75
-77
-79
-71
-65
-59
-63
-73
-63
-63
-59
-69
-55
-51
-47
-45
-45
-43
-43
-39
-29
-27
-15
-5
-9
-13
-19
-19
-23
-37
-37
-21
-19
-15
-17
-13
-15
-17
-19
-15
-15
-11
-15
-15
-17
-25
-25
-19
-17
-1
7
15
37
35
29
27
5
-17
-45
-53
-51
-55
-43
-37
-33
-107
-189
-27
387
621
665
311
47
-63
-89
-93
-91
-89
-93
-99
-91
-95
-95
-89
-87
-91
-85
-87
-93
-85
-81
-83
-81
-79
-81
-81
-87
-77
-73
-63
-53
-47
-51
-45
-47
-59
-63
-65
-59
-59
-55
-55
-57
-55
-59
-57
-49
-55
-53
-47
-43
-45
-55
-59
-61
-63
-63
-65
-43
-41
-41
-11
-3
-9
-13
-21
-43
-73
-87
-95
-91
-85
-85
-77
-85
-191
-183
79
475
643
527
169
-29
-107
-123
-123
-123
-131
-119
-113
-111
-111
-109
-111
-101
-111
-107
-99
-99
-99
-93
-91
-91
-87
-83
-77
-75
-75
-69
-61
-55
-41
-47
-35
-39
-49
-55
-59
-59
-57
-57
-59
-49
-47
-47
-53
-51
-45
-41
-41
-43
-47
-49
-35
-43
-61
-49
-25
-17
-15
7
19
25
11
-5
-29
-61
-79
-73
-73
-63
-57
-53
-59
-167
-185
57
469
665
519
167
-11
-87
-103
-101
-103
-95
-93
-91
-87
-87
-83
-85
-83
-83
-75
-71
-67
-77
-63
-65
-63
-59
-59
-53
-53
-43
-39
-35
-25
-13
-15
-21
-19
-21
-33
-33
-33
-25
-27
-21
-23
-19
-25
-23
-19
-17
-19
-21
-21
-21
-25
-33
-33
-35
-25
-11
-7
9
31
29
9
5
3
-23
-55
-61
-61
-59
-55
-51
-43
-145
