-37
-43
-43
-49
-41
-39
-31
-33
-33
-35
-43
-37
-33
-33
-33
-29
-31
-37
-43
-35
-33
-31
-31
-31
-33
-37
-33
-35
-37
-33
-31
-33
-33
-33
-33
-31
-35
-37
-33
-35
-31
-37
-33
-33
-35
-35
-35
-35
-33
-35
-37
-33
-35
-29
-31
-29
-21
-13
-11
-7
5
9
5
5
-7
-19
-25
-25
-21
-21
-21
-13
-7
61
173
201
11
-79
-65
-21
-11
-13
-13
-15
-11
-11
-13
-9
-7
-11
-9
-9
-5
-5
-3
-5
-3
1
3
7
7
11
17
23
23
29
33
35
39
45
45
47
43
37
29
17
5
-5
-15
-21
-29
-29
-31
-33
-35
-35
-31
-29
-29
-33
-29
-29
-27
-27
-29
-29
-29
-31
-31
-37
-35
-33
-33
-37
-33
-37
-33
-35
-37
-37
-39
-37
-37
-35
-37
-41
-35
-37
-37
-31
-35
-37
-35
-37
-35
-37
-35
-33
-31
-37
-39
-35
-33
-37
-35
-31
-33
-31
-33
-37
-35
-27
-25
-15
-11
-7
5
1
1
-5
-21
-29
-37
-37
-33
-39
-27
-25
-13
119
273
193
-63
-133
-87
-35
-27
-27
-33
-35
-35
-35
-29
-31
-31
-23
-23
-25
-21
-23
-21
-15
-13
-11
-5
-3
-5
-3
7
9
11
23
23
27
31
29
31
31
23
19
7
-3
-19
-29
-33
-39
-43
-43
-47
-47
-45
-47
-43
-43
-45
-41
-43
-39
-41
-43
-37
-41
-41
-41
-41
-43
-43
-49
-45
-45
-45
-43
-45
-43
-47
-49
-49
-45
-45
-47
-43
-47
-47
-49
-47
-49
-49
-43
-47
-49
-47
-49
-49
-45
-47
-41
-45
-47
-41
-45
-43
-45
-43
-41
-33
-27
-23
-17
-11
-1
-5
-3
-15
-27
-33
-39
-39
-35
-37
-31
-21
23
151
265
53
-121
-109
-57
-33
-35
-35
-37
-35
-33
-33
-29
-31
-27
-29
-31
-25
-25
-23
-21
-19
-19
-13
-11
-7
-5
1
7
11
15
19
19
27
31
33
35
31
25
15
1
-9
-19
-27
-31
-37
-41
-39
-45
-43
-39
-39
-35
-37
-39
-35
-39
-37
-33
-35
-33
-35
-37
-37
-39
-37
-37
-39
-39
-41
-41
-39
-45
-39
-41
-41
-39
-41
-39
-41
-43
-37
-41
-43
-33
-41
-39
-33
-43
-41
-37
-37
-35
-37
-35
-37
-37
-33
-37
-37
-33
-35
-33
-35
-29
-21
-11
-13
-3
5
3
1
-11
-17
-29
-37
-31
-31
-33
-27
-23
19
163
319
117
-113
-119
-55
-29
-29
-27
-27
-27
-29
-31
-21
-27
-25
-23
-25
-15
-17
-19
-11
-13
-7
-1
-1
7
9
9
17
21
29
35
37
43
49
49
51
47
41
37
29
17
3
-13
-17
-23
-25
-33
-31
-31
-31
-33
-31
-33
-27
-29
-29
-23
-25
-25
-25
-27
-27
-25
-27
-27
-25
-27
-31
-31
-31
-33
-33
-27
-27
-31
-33
-33
-27
-31
-29
-25
-29
-27
-33
-37
-23
-27
-31
-27
-39
-23
-19
-27
-21
-11
-17
-13
-11
-11
-13
-11
-11
-1
5
15
11
21
31
27
29
15
3
-7
-13
-5
-5
-11
-7
1
21
143
281
137
-71
-111
-61
-13
-13
-9
-11
-13
-15
-3
-7
-7
-5
-9
-5
-1
1
1
7
1
11
17
19
21
25
29
35
37
45
47
53
57
55
61
63
63
61
57
43
27
19
3
-1
-5
-17
-7
-15
-13
-13
-15
-11
-9
-9
-5
-5
-9
-9
-9
-5
-7
-11
-5
-7
-3
-7
-11
-13
-11
-11
-11
-7
-9
-9
-13
-13
-11
-7
-9
-7
-5
-3
-11
-7
-7
-11
-7
-5
-13
-9
-7
-5
-5
-11
-5
-7
-3
-7
-7
-5
-9
-9
-5
3
9
15
13
23
31
31
31
23
11
-1
-7
-5
-5
-5
1
5
13
137
275
259
-19
-101
-61
-3
3
-3
-7
-5
-1
-1
1
3
1
1
1
5
9
7
9
13
17
21
21
25
29
29
35
39
45
51
53
57
63
69
69
59
67
63
45
33
27
15
7
5
-5
-7
-13
-9
-7
-9
-7
-7
-7
-3
-1
1
-5
-1
-1
-1
-3
1
-15
-9
-5
-7
-3
-11
-9
-3
-15
-7
-5
-15
-11
-15
-11
-7
-9
-11
-11
-7
-17
-9
-7
-9
-11
-9
-9
-11
-17
-5
-5
-9
-11
-7
-7
-7
-9
-11
-9
-9
-5
-7
-9
1
13
11
17
37
25
25
17
7
-3
-13
-13
-7
-9
1
5
21
163
303
157
-75
-109
-43
-7
-3
-11
-7
-9
-13
-9
-9
-7
-5
-1
-7
-3
3
-1
5
7
9
15
13
19
27
29
35
39
41
51
53
55
59
59
63
61
53
41
31
23
7
-5
-11
-13
-19
-19
-23
-21
-21
-25
-21
-19
-17
-19
-17
-15
-15
-19
-19
-21
-19
-17
-21
-23
-23
-25
-25
-27
-27
-23
-23
-25
-27
-31
-29
-29
-27
-23
-25
-29
-27
-29
-25
-29
-29
-27
-27
-25
-25
-25
-23
-25
-27
-25
-23
-23
-23
-23
-21
-23
-23
-19
-17
-21
-21
-21
-15
-1
-3
3
19
21
15
11
-1
-13
-21
-17
-21
-17
-13
-11
1
107
247
239
-7
-111
-83
-29
-13
-19
-19
-13
-13
-13
-13
-21
-15
-13
-11
-5
-11
-9
-1
-1
1
3
7
13
11
19
21
23
31
33
41
45
47
53
51
45
45
39
27
19
7
-9
-17
-29
-27
-27
-29
-25
-23
-21
-25
-27
-21
-17
-19
-13
-13
-13
-17
-11
-11
-11
-13
-9
-13
-15
-13
-17
-17
-19
-21
-13
-15
-19
-19
-21
-23
-19
-19
-17
-21
-23
-21
-23
-23
-25
-21
-19
-21
-21
-19
-21
-19
-21
-23
-13
-19
-19
-19
-19
-15
-17
-19
-17
-5
3
3
9
21
17
19
5
-3
-13
-19
-25
-15
-19
-13
-5
25
171
325
161
-79
-109
-57
-13
-9
-19
-17
-23
-21
-11
-11
-11
-13
-9
-15
-11
-9
-7
-1
1
3
1
7
11
15
15
21
29
33
35
41
45
53
53
55
53
53
41
35
27
7
-3
-13
-17
-23
-29
-31
-27
-29
-27
-27
-27
-23
-23
-25
-25
-23
-19
-17
-17
-21
-25
-23
-23
-27
-27
-27
-25
-27
-33
-25
-31
-31
-29
-29
-25
-29
-27
-29
-35
-31
-27
-29
-27
-27
-29
-29
-33
-31
-31
-29
-25
-27
-29
-25
-27
-33
-27
-23
-21
-21
-29
-23
-31
-23
-19
-7
-9
-3
9
19
15
11
-1
-13
-19
-27
-25
-21
-27
-19
-13
9
155
299
171
-81
-121
-65
-17
-17
-21
-25
-19
-21
-21
-19
-15
-15
-11
-15
-13
-11
-7
-5
-1
-1
5
9
9
15
17
19
27
33
39
45
45
47
49
49
51
43
39
31
19
7
-3
-11
-19
-21
-25
-27
-29
-31
-31
-27
-25
-23
-23
-23
-23
-27
-27
-25
-25
-27
-27
-27
-29
-31
-35
-31
-29
-31
-29
-33
-33
-35
-41
-37
-35
-29
-31
-43
-33
-37
-29
-51
-15
-19
-25
